-3.17942e-05
-3.19039e-05
-3.24155e-05
-3.02593e-05
-3.22328e-05
-3.2781e-05
-3.21597e-05
-3.18308e-05
-3.21597e-05
-3.20501e-05
-3.23059e-05
-3.24886e-05
-3.22328e-05
-3.25617e-05
-3.24155e-05
-3.34388e-05
-3.29637e-05
-3.27079e-05
-3.18673e-05
-3.28906e-05
-3.2379e-05
-3.24886e-05
-3.19039e-05
-3.18673e-05
-3.17942e-05
-3.13191e-05
-3.13557e-05
-3.17577e-05
-3.15384e-05
-3.04786e-05
-3.27444e-05
-3.15384e-05
-3.2379e-05
-3.05517e-05
-3.12461e-05
-2.91995e-05
-3.15384e-05
-2.96746e-05
-2.68972e-05
-3.22693e-05
-4.10767e-05
-4.1771e-05
-2.51796e-05
-1.72127e-05
-2.9163e-05
-4.22096e-05
-4.29405e-05
-3.27444e-05
-2.1854e-05
-2.56181e-05
-3.66913e-05
-4.17345e-05
-3.41331e-05
-2.61663e-05
-2.91995e-05
-3.43524e-05
-3.57411e-05
-3.32926e-05
-2.93823e-05
-3.00401e-05
-3.24886e-05
-3.23059e-05
-3.23059e-05
-3.11364e-05
-3.13191e-05
-3.21231e-05
-3.0369e-05
-3.17577e-05
-3.25617e-05
-3.10999e-05
-3.15384e-05
-3.19039e-05
-3.17942e-05
-3.27444e-05
-3.12461e-05
-3.16846e-05
-3.00401e-05
-3.21962e-05
-3.1575e-05
-3.13557e-05
-3.2781e-05
-3.25617e-05
-3.39504e-05
-3.37311e-05
-3.12095e-05
-3.19039e-05
-3.17211e-05
-3.08075e-05
-3.22328e-05
-3.24155e-05
-3.24155e-05
-3.15019e-05
-3.13191e-05
-3.13557e-05
-3.2781e-05
-3.22693e-05
-3.13922e-05
-3.24886e-05
-3.10999e-05
-3.15384e-05
-3.28906e-05
-3.13191e-05
-3.22328e-05
-3.36215e-05
-3.15019e-05
-3.11364e-05
-3.06979e-05
-3.23059e-05
-3.23059e-05
-3.22693e-05
-3.15019e-05
-3.21597e-05
-3.2379e-05
-3.31464e-05
-3.22328e-05
-3.09902e-05
-3.10633e-05
-3.25617e-05
-3.18308e-05
-3.17577e-05
-3.23424e-05
-3.10633e-05
-3.2781e-05
-3.13557e-05
-3.17211e-05
-3.32926e-05
-3.2452e-05
-3.22328e-05
-3.17942e-05
-3.25982e-05
-3.25617e-05
-3.2379e-05
-3.04786e-05
-3.15019e-05
-3.2379e-05
-3.27079e-05
-3.21231e-05
-3.20135e-05
-3.2379e-05
-3.10268e-05
-3.13557e-05
-3.22328e-05
-3.19039e-05
-3.29271e-05
-3.18673e-05
-3.24155e-05
-3.23424e-05
-3.25982e-05
-3.25251e-05
-3.17577e-05
-3.30733e-05
-3.2379e-05
-3.24886e-05
-3.16115e-05
-3.30368e-05
-3.09172e-05
-3.11364e-05
-3.25617e-05
-3.26713e-05
-3.30002e-05
-3.34022e-05
-3.24886e-05
-3.28906e-05
-3.08806e-05
-3.14653e-05
-3.14288e-05
-3.16115e-05
-3.13922e-05
-3.1575e-05
-3.22328e-05
-3.01863e-05
-3.05882e-05
-3.2452e-05
-3.08806e-05
-3.25617e-05
-3.10633e-05
-3.12826e-05
-3.31829e-05
-3.35119e-05
-3.09537e-05
-3.20501e-05
-3.1977e-05
-3.13191e-05
-3.20866e-05
-3.21231e-05
-3.1977e-05
-3.22693e-05
-3.22328e-05
-3.09172e-05
-3.21962e-05
-3.2379e-05
-3.30368e-05
-3.24886e-05
-3.23424e-05
-3.19039e-05
-3.14288e-05
-3.17211e-05
-3.22693e-05
-3.08075e-05
-3.14288e-05
-3.16481e-05
-3.30368e-05
-3.30733e-05
-3.18673e-05
-3.1575e-05
-3.21231e-05
-3.19404e-05
-3.2781e-05
-3.32926e-05
-3.21231e-05
-3.20501e-05
-3.18673e-05
-3.34022e-05
-3.04421e-05
-3.30002e-05
-3.01863e-05
-3.10999e-05
-3.41697e-05
-3.41331e-05
-3.0771e-05
-3.04421e-05
-3.03324e-05
-3.0771e-05
-3.29271e-05
-3.20866e-05
-3.15384e-05
-3.15019e-05
-3.10633e-05
-3.35484e-05
-3.10999e-05
-3.17211e-05
-3.10999e-05
-3.26348e-05
-3.42793e-05
-3.04055e-05
-2.98573e-05
-3.10633e-05
-3.33657e-05
-3.20866e-05
-3.05152e-05
-3.13922e-05
-3.12826e-05
-3.30368e-05
-3.20135e-05
-3.17211e-05
-3.22328e-05
-3.16115e-05
-3.24155e-05
-3.19039e-05
-3.18673e-05
-3.17577e-05
-3.14288e-05
-3.2781e-05
-3.16846e-05
-3.09902e-05
-3.05152e-05
-3.09537e-05
-3.27444e-05
-3.25617e-05
-3.18308e-05
-3.12095e-05
-3.13191e-05
-3.0771e-05
-3.04055e-05
-3.22328e-05
-3.19404e-05
-3.19404e-05
-3.22693e-05
-3.20135e-05
-3.25617e-05
-3.1977e-05
-3.26348e-05
-3.25251e-05
-3.21962e-05
-3.12095e-05
-3.2379e-05
-3.06613e-05
-3.1575e-05
-3.1977e-05
-3.06248e-05
-2.98573e-05
-3.10633e-05
-3.1977e-05
-3.2379e-05
-3.17942e-05
-3.29271e-05
-3.2854e-05
-3.21597e-05
-3.34022e-05
-3.23424e-05
-3.24155e-05
-3.22328e-05
-3.23059e-05
-3.15384e-05
-3.20866e-05
-3.08075e-05
-3.14653e-05
-3.23424e-05
-3.16115e-05
-3.16115e-05
-3.18308e-05
-3.17577e-05
-3.1575e-05
-3.28175e-05
-3.21962e-05
-3.16115e-05
-3.15384e-05
-3.22328e-05
-3.12461e-05
-3.09537e-05
-3.15384e-05
-3.18673e-05
-3.2452e-05
-3.25617e-05
-3.2379e-05
-3.22693e-05
-3.29271e-05
-3.1173e-05
-3.13191e-05
-3.10999e-05
-3.11364e-05
-3.19039e-05
-3.2781e-05
-3.12461e-05
-3.10268e-05
-3.21231e-05
-3.29271e-05
-3.2452e-05
-3.14288e-05
-3.05152e-05
-3.28906e-05
-3.19404e-05
-3.24155e-05
-3.05517e-05
-3.05882e-05
-3.1977e-05
-3.3256e-05
-3.14653e-05
-3.19039e-05
-3.22328e-05
-3.15384e-05
-3.16846e-05
-3.12826e-05
-3.19039e-05
-3.10268e-05
-3.1977e-05
-3.22328e-05
-3.08806e-05
-3.17577e-05
-3.16846e-05
-3.21231e-05
-3.1173e-05
-3.18673e-05
-3.19404e-05
-3.18673e-05
-3.1977e-05
-3.2379e-05
-3.02959e-05
-3.03324e-05
-3.19039e-05
-3.22693e-05
-3.28906e-05
-3.2854e-05
-3.14288e-05
-3.16846e-05
-3.12461e-05
-3.29637e-05
-3.21962e-05
-3.25982e-05
-3.30002e-05
-3.11364e-05
-3.29637e-05
-3.30733e-05
-3.25251e-05
-3.12461e-05
-3.10268e-05
-3.18308e-05
-3.19404e-05
-3.25617e-05
-3.19404e-05
-3.14288e-05
-3.31464e-05
-3.12826e-05
-3.17211e-05
-3.22693e-05
-3.22693e-05
-3.17942e-05
-3.12826e-05
-3.17942e-05
-3.20866e-05
-3.24886e-05
-3.17942e-05
-3.22693e-05
-3.2452e-05
-3.27444e-05
-3.20135e-05
-3.1977e-05
-3.1173e-05
-3.18673e-05
-3.16846e-05
-3.20501e-05
-3.16481e-05
-3.13922e-05
-3.22693e-05
-3.22693e-05
-3.17577e-05
-3.20501e-05
-3.04421e-05
-3.23424e-05
-3.22328e-05
-3.20135e-05
-3.23059e-05
-3.24155e-05
-3.17942e-05
-3.34753e-05
-3.32195e-05
-3.30002e-05
-3.06979e-05
-3.16115e-05
-3.1575e-05
-3.26713e-05
-3.24155e-05
-3.15384e-05
-3.21597e-05
-3.3658e-05
-3.31829e-05
-3.2854e-05
-2.98573e-05
-3.19039e-05
-3.2452e-05
-3.15384e-05
-3.20501e-05
-3.20501e-05
-3.21231e-05
-3.20866e-05
-3.23059e-05
-3.20501e-05
-3.13191e-05
-3.13922e-05
-3.09172e-05
-3.25982e-05
-3.20866e-05
-3.23059e-05
-3.25982e-05
-3.20501e-05
-3.21231e-05
-3.20866e-05
-3.14653e-05
-3.3256e-05
-3.16481e-05
-3.11364e-05
-3.12461e-05
-3.12095e-05
-3.19039e-05
-3.28906e-05
-3.16115e-05
-3.19039e-05
-3.19404e-05
-3.1173e-05
-3.21597e-05
-3.22328e-05
-3.26713e-05
-3.25251e-05
-3.22328e-05
-3.02593e-05
-3.17211e-05
-3.37677e-05
-3.42062e-05
-3.12826e-05
-3.07344e-05
-3.12461e-05
-3.17942e-05
-3.41697e-05
-3.33291e-05
-2.99304e-05
-3.06248e-05
-3.30368e-05
-3.43524e-05
-3.28175e-05
-3.01497e-05
-3.04055e-05
-3.27079e-05
-3.29637e-05
-3.27079e-05
-3.09537e-05
-3.00401e-05
-3.22328e-05
-3.06613e-05
-2.9967e-05
-3.13557e-05
-3.12095e-05
-3.20501e-05
-3.30002e-05
-3.19039e-05
-3.10633e-05
-3.18308e-05
-3.21597e-05
-3.13191e-05
-3.20135e-05
-3.08075e-05
-3.23059e-05
-3.18673e-05
-3.14653e-05
-3.05882e-05
-3.01863e-05
-3.15384e-05
-3.16481e-05
-3.08806e-05
-3.18308e-05
-2.97477e-05
-3.18673e-05
-3.17211e-05
-3.1173e-05
-3.20135e-05
-3.18673e-05
-3.23059e-05
-3.28906e-05
-3.2379e-05
-3.19039e-05
-3.17942e-05
-3.30733e-05
-3.20135e-05
-3.17942e-05
-3.26713e-05
-3.2379e-05
-3.41697e-05
-3.30002e-05
-3.23059e-05
-3.22693e-05
-3.24155e-05
-3.16846e-05
-3.1977e-05
-3.26348e-05
-3.24886e-05
-3.20501e-05
-3.1173e-05
-3.24886e-05
-3.32195e-05
-3.25617e-05
-3.14288e-05
-3.21231e-05
-3.16481e-05
-3.09172e-05
-3.14288e-05
-3.13557e-05
-3.16481e-05
-3.2452e-05
-3.20501e-05
-3.17577e-05
-3.2379e-05
-3.21962e-05
-3.09537e-05
-3.14653e-05
-3.21597e-05
-3.08075e-05
-3.2379e-05
-3.09172e-05
-3.12095e-05
-3.02593e-05
-3.26713e-05
-3.30368e-05
-3.25982e-05
-3.1575e-05
-3.13922e-05
-3.18308e-05
-3.13191e-05
-3.1977e-05
-3.22693e-05
-3.20501e-05
-3.16115e-05
-3.0369e-05
-3.27444e-05
-3.2452e-05
-3.13191e-05
-3.18673e-05
-3.11364e-05
-3.21597e-05
-3.21962e-05
-3.26713e-05
-3.19404e-05
-3.04055e-05
-3.10999e-05
-3.15384e-05
-3.0771e-05
-3.18308e-05
-3.00401e-05
-3.10268e-05
-3.10999e-05
-3.24886e-05
-3.17211e-05
-3.13922e-05
-3.09902e-05
-3.31099e-05
-3.47909e-05
-3.24155e-05
-3.2379e-05
-3.20501e-05
-3.19039e-05
-3.34753e-05
-3.15384e-05
-3.14288e-05
-3.34753e-05
-3.27444e-05
-3.15384e-05
-3.29637e-05
-3.10999e-05
-3.21597e-05
-3.40235e-05
-3.27444e-05
-3.21962e-05
-3.24886e-05
-3.16481e-05
-3.08806e-05
-3.17942e-05
-3.05517e-05
-3.20501e-05
-3.20866e-05
-3.18673e-05
-3.15019e-05
-3.26348e-05
-3.26348e-05
-3.08441e-05
-3.2854e-05
-3.19404e-05
-3.1977e-05
-3.22693e-05
-3.23424e-05
-3.22693e-05
-3.25982e-05
-3.23424e-05
-3.23424e-05
-3.1575e-05
-3.01497e-05
-3.03324e-05
-3.25617e-05
-3.22693e-05
-3.2452e-05
-3.15384e-05
-3.1575e-05
-3.14653e-05
-3.11364e-05
-3.06248e-05
-3.20135e-05
-3.28906e-05
-3.29271e-05
-3.16115e-05
-3.17577e-05
-3.09172e-05
-3.24155e-05
-3.19404e-05
-3.31099e-05
-3.16481e-05
-3.12826e-05
-3.19039e-05
-3.12826e-05
-3.05517e-05
-3.08806e-05
-3.09172e-05
-3.17211e-05
-3.1575e-05
-3.08075e-05
-3.12095e-05
-3.12095e-05
-3.23424e-05
-3.25617e-05
-3.15019e-05
-3.02228e-05
-3.10999e-05
-3.15019e-05
-3.23059e-05
-3.05517e-05
-3.12095e-05
-3.2452e-05
-3.17942e-05
-3.13557e-05
-3.16846e-05
-3.17577e-05
-3.13922e-05
-3.20135e-05
-3.08806e-05
-3.16115e-05
-3.1173e-05
-3.1173e-05
-3.31829e-05
-3.22328e-05
-3.22328e-05
-3.21962e-05
-3.31464e-05
-3.30368e-05
-3.05152e-05
-3.2452e-05
-3.04786e-05
-3.29637e-05
-3.25251e-05
-3.15019e-05
-3.09902e-05
-3.21962e-05
-3.36946e-05
-3.29637e-05
-3.16846e-05
-3.09537e-05
-3.08075e-05
-3.17942e-05
-3.18673e-05
-3.24155e-05
-3.15019e-05
-3.10999e-05
-3.09537e-05
-3.01863e-05
-3.17211e-05
-3.08075e-05
-3.25982e-05
-3.13191e-05
-3.21231e-05
-3.17577e-05
-3.14653e-05
-3.02593e-05
-3.09902e-05
-3.05882e-05
-3.13191e-05
-3.20501e-05
-3.06248e-05
-3.2379e-05
-3.16481e-05
-3.17577e-05
-3.27079e-05
-3.21231e-05
-3.0771e-05
-3.19404e-05
-3.28175e-05
-3.28906e-05
-3.24155e-05
-3.31464e-05
-3.2452e-05
-3.16846e-05
-3.15384e-05
-3.10999e-05
-3.04786e-05
-3.18673e-05
-3.20135e-05
-3.30002e-05
-3.14288e-05
-3.12095e-05
-3.38773e-05
-3.24155e-05
-3.27079e-05
-3.16115e-05
-3.28906e-05
-3.23424e-05
-3.33657e-05
-3.20866e-05
-3.2452e-05
-3.17577e-05
-3.14288e-05
-3.14653e-05
-3.1977e-05
-3.21962e-05
-3.1575e-05
-3.21231e-05
-3.2379e-05
-3.24886e-05
-3.17211e-05
-3.23059e-05
-3.17577e-05
-3.19039e-05
-3.23424e-05
-3.17942e-05
-3.2379e-05
-3.21231e-05
-3.09902e-05
-3.14288e-05
-3.11364e-05
-3.36215e-05
-3.26348e-05
-3.2781e-05
-3.08075e-05
-3.02959e-05
-3.19039e-05
-3.25617e-05
-3.28906e-05
-3.20501e-05
-3.21597e-05
-3.12826e-05
-3.23424e-05
-3.25982e-05
-3.20866e-05
-3.29637e-05
-3.25982e-05
-3.25251e-05
-3.21962e-05
-3.12095e-05
-3.31829e-05
-3.25251e-05
-3.2781e-05
-3.16115e-05
-3.21231e-05
-3.20866e-05
-3.16481e-05
-3.12461e-05
-3.14288e-05
-3.13922e-05
-3.15384e-05
-3.12095e-05
-3.16481e-05
-3.17942e-05
-3.18673e-05
-3.17942e-05
-3.31829e-05
-3.05882e-05
-3.13191e-05
-3.21597e-05
-3.15384e-05
-3.22693e-05
-3.25617e-05
-3.21962e-05
-3.1173e-05
-3.07344e-05
-3.12461e-05
-3.1575e-05
-3.13922e-05
-3.19404e-05
-3.17211e-05
-3.29637e-05
-3.16846e-05
-3.09902e-05
-3.11364e-05
-3.14288e-05
-3.1173e-05
-3.01497e-05
-3.20866e-05
-3.01497e-05
-3.15384e-05
-3.26348e-05
-3.27079e-05
-3.17942e-05
-3.1173e-05
-3.09537e-05
-3.20501e-05
-3.27444e-05
-3.22328e-05
-3.06613e-05
-3.1173e-05
-3.20135e-05
-3.29637e-05
-3.17942e-05
-3.19039e-05
-3.22693e-05
-3.16481e-05
-3.16115e-05
-3.30002e-05
-3.14653e-05
-3.22693e-05
-3.23059e-05
-3.26713e-05
-3.12461e-05
-2.87975e-05
-3.06248e-05
-3.10633e-05
-3.28175e-05
-3.21597e-05
-3.11364e-05
-3.15384e-05
-3.31099e-05
-3.41331e-05
-3.25617e-05
-3.22328e-05
-3.16846e-05
-3.0369e-05
-3.10268e-05
-3.16846e-05
-3.1575e-05
-3.16481e-05
-3.18673e-05
-3.21231e-05
-3.19404e-05
-3.04786e-05
-3.18308e-05
-3.29271e-05
-3.18673e-05
-3.16115e-05
-3.2379e-05
-3.21962e-05
-3.04421e-05
-3.02228e-05
-3.12095e-05
-3.30002e-05
-3.27444e-05
-3.27444e-05
-3.14653e-05
-3.12826e-05
-3.24886e-05
-3.2854e-05
-3.15019e-05
-3.18308e-05
-3.16481e-05
-3.12461e-05
-3.14288e-05
-3.17942e-05
-3.11364e-05
-3.08441e-05
-3.17942e-05
-3.10633e-05
-3.12461e-05
-3.06613e-05
-3.12095e-05
-3.17577e-05
-3.27444e-05
-3.19404e-05
-3.12095e-05
-3.1977e-05
-3.17577e-05
-3.18308e-05
-3.20501e-05
-3.10268e-05
-3.18673e-05
-3.24886e-05
-3.21231e-05
-3.17942e-05
-3.21231e-05
-3.26348e-05
-3.20501e-05
-3.19039e-05
-3.15019e-05
-3.20135e-05
-3.22328e-05
-3.21231e-05
-3.13922e-05
-3.13191e-05
-3.28175e-05
-3.22693e-05
-3.3256e-05
-3.26713e-05
-3.18673e-05
-3.18673e-05
-3.25617e-05
-3.21231e-05
-3.15384e-05
-3.23424e-05
-3.06248e-05
-3.12826e-05
-3.18673e-05
-3.1575e-05
-3.09172e-05
-3.22328e-05
-3.23059e-05
-3.21597e-05
-3.15019e-05
-3.13922e-05
-3.21231e-05
-3.28175e-05
-3.24155e-05
-3.16481e-05
-3.17211e-05
-3.17942e-05
-3.25617e-05
-3.25617e-05
-3.17942e-05
-3.1173e-05
-3.13922e-05
-3.24155e-05
-3.17942e-05
-3.20135e-05
-3.16115e-05
-3.13557e-05
-3.09537e-05
-3.42062e-05
-3.1173e-05
-3.08806e-05
-3.09172e-05
-3.12826e-05
-3.2854e-05
-3.19039e-05
-3.17942e-05
-3.16481e-05
-3.2379e-05
-3.20866e-05
-3.26348e-05
-3.31829e-05
-3.12095e-05
-3.08806e-05
-3.22328e-05
-3.39139e-05
-3.2379e-05
-3.10633e-05
-3.31464e-05
-3.16846e-05
-3.2781e-05
-3.3256e-05
-3.16115e-05
-3.14653e-05
-3.01863e-05
-3.0369e-05
-3.13191e-05
-3.13191e-05
-3.07344e-05
-3.23424e-05
-3.20135e-05
-3.17577e-05
-3.2452e-05
-3.23059e-05
-3.04055e-05
-3.15384e-05
-3.20866e-05
-3.24155e-05
-3.27079e-05
-3.09537e-05
-3.02959e-05
-3.08075e-05
-3.16846e-05
-3.28175e-05
-3.2854e-05
-3.2379e-05
-3.32195e-05
-3.09902e-05
-3.33291e-05
-3.20135e-05
-3.22328e-05
-3.21231e-05
-3.13191e-05
-3.11364e-05
-3.22328e-05
-3.08806e-05
-3.08806e-05
-3.20135e-05
-3.34388e-05
-3.30002e-05
-3.28906e-05
-3.20866e-05
-3.12095e-05
-3.13557e-05
-3.21231e-05
-3.20135e-05
-3.1173e-05
-3.04786e-05
-3.10268e-05
-3.09902e-05
-3.01132e-05
-3.19039e-05
-3.19404e-05
-3.2781e-05
-3.12461e-05
-3.0771e-05
-2.96746e-05
-3.04786e-05
-3.13191e-05
-3.20866e-05
-3.26713e-05
-3.25617e-05
-3.18673e-05
-3.15019e-05
-3.06613e-05
-3.17942e-05
-3.11364e-05
-3.14288e-05
-3.17577e-05
-3.31099e-05
-3.22328e-05
-3.09902e-05
-3.09172e-05
-3.13191e-05
-3.27079e-05
-3.10999e-05
-3.1173e-05
-3.18308e-05
-3.28906e-05
-3.21962e-05
-3.20866e-05
-3.2379e-05
-3.20866e-05
-3.17942e-05
-3.19404e-05
-3.25617e-05
-3.17211e-05
-3.26348e-05
-3.30733e-05
-3.27444e-05
-3.29271e-05
-3.20501e-05
-3.23424e-05
-3.29637e-05
-3.17211e-05
-3.19039e-05
-3.08075e-05
-3.22693e-05
-3.19039e-05
-3.13922e-05
-3.20135e-05
-3.11364e-05
-3.15384e-05
-3.17577e-05
-3.18308e-05
-3.10999e-05
-3.24155e-05
-3.36946e-05
-3.11364e-05
-3.19404e-05
-3.1173e-05
-3.09172e-05
-3.16115e-05
-3.08075e-05
-2.98939e-05
-3.17211e-05
-3.27444e-05
-3.20866e-05
-3.27444e-05
-3.30002e-05
-3.22328e-05
-3.12461e-05
-2.91995e-05
-3.15019e-05
-3.2854e-05
-3.2379e-05
-3.2379e-05
-3.10268e-05
-3.12826e-05
-3.22328e-05
-3.22693e-05
-3.15384e-05
-3.10268e-05
-3.09537e-05
-3.20866e-05
-3.29271e-05
-3.2379e-05
-3.18673e-05
-3.08075e-05
-3.1977e-05
-3.21597e-05
-3.23424e-05
-3.1977e-05
-3.27079e-05
-3.23059e-05
-3.16115e-05
-3.12826e-05
-3.2452e-05
-3.17942e-05
-3.34388e-05
-3.2781e-05
-3.21962e-05
-3.17211e-05
-3.17942e-05
-3.25617e-05
-3.23059e-05
-3.16481e-05
-3.31099e-05
-3.20135e-05
-3.38408e-05
-3.10633e-05
-3.12095e-05
-3.15019e-05
-3.26713e-05
-3.20866e-05
-3.19039e-05
-3.2379e-05
-3.01863e-05
-3.17577e-05
-3.20135e-05
-3.17942e-05
-3.20501e-05
-3.23424e-05
-3.19404e-05
-3.15019e-05
-3.07344e-05
-3.17211e-05
-3.10999e-05
-3.22693e-05
-3.27079e-05
-3.23059e-05
-3.20501e-05
-3.04421e-05
-3.08441e-05
-3.1173e-05
-3.15019e-05
-3.13922e-05
-3.12826e-05
-3.06979e-05
-3.29271e-05
-3.13191e-05
-3.18308e-05
-3.17942e-05
-3.05882e-05
-3.11364e-05
-3.21597e-05
-3.04421e-05
-3.01132e-05
-3.24886e-05
-3.26713e-05
-3.18308e-05
-3.15019e-05
-3.13191e-05
-3.23424e-05
-3.1575e-05
-3.16481e-05
-3.15019e-05
-3.17577e-05
-3.17942e-05
-3.21597e-05
-3.25982e-05
-3.07344e-05
-3.28906e-05
-3.32195e-05
-3.25251e-05
-3.12826e-05
-3.02959e-05
-3.11364e-05
-3.35119e-05
-3.27079e-05
-3.09902e-05
-3.13557e-05
-3.25251e-05
-3.26713e-05
-3.20135e-05
-3.20866e-05
-3.16115e-05
-3.32195e-05
-3.21597e-05
-3.0369e-05
-2.95284e-05
-3.04786e-05
-3.08441e-05
-3.19404e-05
-3.20866e-05
-3.25617e-05
-3.23424e-05
-3.17942e-05
-3.30368e-05
-3.20866e-05
-3.17942e-05
-3.18673e-05
-3.09537e-05
-3.27079e-05
-3.05882e-05
-3.09537e-05
-3.15019e-05
-3.2379e-05
-3.21597e-05
-3.12095e-05
-3.13557e-05
-3.1173e-05
-3.25982e-05
-3.16481e-05
-3.04786e-05
-3.2452e-05
-3.25982e-05
-3.17577e-05
-3.00766e-05
-3.12461e-05
-3.07344e-05
-3.10268e-05
-3.08806e-05
-3.14288e-05
-3.20135e-05
-3.36215e-05
-3.31099e-05
-3.22328e-05
-3.18308e-05
-3.20135e-05
-3.1977e-05
-3.25617e-05
-3.20135e-05
-3.29271e-05
-3.24155e-05
-3.26713e-05
-3.21231e-05
-3.21597e-05
-3.23424e-05
-3.16481e-05
-3.13922e-05
-3.13922e-05
-3.16481e-05
-3.10999e-05
-3.20866e-05
-3.2379e-05
-3.21597e-05
-3.20135e-05
-3.24886e-05
-3.09902e-05
-3.15019e-05
-3.26713e-05
-3.34022e-05
-3.18673e-05
-3.25251e-05
-3.12461e-05
-3.14653e-05
-3.1173e-05
-3.12095e-05
-3.31464e-05
-3.12826e-05
-3.17211e-05
-3.25617e-05
-3.21597e-05
-3.25617e-05
-3.22693e-05
-3.04055e-05
-3.29271e-05
-3.2781e-05
-3.19404e-05
-3.25251e-05
-3.25251e-05
-3.2379e-05
-3.11364e-05
-3.09902e-05
-3.20501e-05
-3.01863e-05
-2.95284e-05
-3.08441e-05
-3.30368e-05
-3.20866e-05
-3.20135e-05
-3.24155e-05
-3.30002e-05
-3.21231e-05
-3.08806e-05
-3.08441e-05
-3.16115e-05
-2.93823e-05
-3.04786e-05
-3.13557e-05
-3.13557e-05
-3.15019e-05
-3.1173e-05
-3.25251e-05
-2.98208e-05
-3.08075e-05
-3.30733e-05
-3.28906e-05
-3.14288e-05
-3.2854e-05
-3.23424e-05
-3.18673e-05
-3.10999e-05
-3.08441e-05
-3.01497e-05
-3.21231e-05
-3.12826e-05
-3.18673e-05
-3.09172e-05
-3.13922e-05
-3.16481e-05
-3.30733e-05
-3.08075e-05
-3.21597e-05
-3.20501e-05
-3.19404e-05
-3.28906e-05
-3.2452e-05
-3.13191e-05
-3.16481e-05
-3.24155e-05
-3.3256e-05
-3.17577e-05
-3.01863e-05
-3.20135e-05
-3.32195e-05
-3.16846e-05
-3.08441e-05
-3.17211e-05
-3.14653e-05
-3.28906e-05
-3.14653e-05
-3.20135e-05
-3.27444e-05
-3.22693e-05
-3.17211e-05
-3.34388e-05
-3.20135e-05
-3.06248e-05
-3.1575e-05
-3.25251e-05
-3.21962e-05
-3.17577e-05
-3.2379e-05
-3.18673e-05
-3.17942e-05
-3.09537e-05
-3.05517e-05
-3.18673e-05
-3.24886e-05
-3.23059e-05
-3.12826e-05
-3.09172e-05
-3.21962e-05
-3.1575e-05
-3.20866e-05
-3.13191e-05
-3.16115e-05
-3.1173e-05
-3.25617e-05
-3.11364e-05
-3.0771e-05
-3.14653e-05
-3.22328e-05
-3.09172e-05
-3.19039e-05
-3.05882e-05
-3.12826e-05
-3.05882e-05
-3.17577e-05
-3.30733e-05
-3.08441e-05
-3.24155e-05
-3.22328e-05
-3.17577e-05
-3.1977e-05
-3.27444e-05
-3.33657e-05
-3.3256e-05
-3.19039e-05
-3.25251e-05
-3.27079e-05
-3.03324e-05
-3.17577e-05
-3.27079e-05
-3.12826e-05
-3.21962e-05
-3.26348e-05
-3.10268e-05
-3.16481e-05
-3.02593e-05
-3.06248e-05
-3.26713e-05
-3.32195e-05
-3.36946e-05
-3.17942e-05
-3.04421e-05
-3.21962e-05
-3.23059e-05
-3.1977e-05
-3.28175e-05
-3.19404e-05
-3.21597e-05
-3.29271e-05
-3.13557e-05
-3.1977e-05
-3.13191e-05
-3.23424e-05
-3.20501e-05
-3.11364e-05
-2.98939e-05
-3.09537e-05
-3.17942e-05
-3.05517e-05
-3.04421e-05
-3.47178e-05
-3.27079e-05
-3.29637e-05
-2.9967e-05
-2.92726e-05
-3.39504e-05
-3.35484e-05
-3.17942e-05
-2.9565e-05
-2.9967e-05
-3.27444e-05
-3.46082e-05
-3.06248e-05
-2.91995e-05
-2.98939e-05
-3.19404e-05
-3.39139e-05
-3.19039e-05
-3.02593e-05
-3.05152e-05
-3.16115e-05
-3.29637e-05
-3.21597e-05
-3.01863e-05
-2.93457e-05
-3.20501e-05
-3.28906e-05
-3.25982e-05
-3.08075e-05
-3.03324e-05
-3.0771e-05
-3.18308e-05
-3.1575e-05
-3.20866e-05
-3.05152e-05
-3.24155e-05
-3.12826e-05
-3.20501e-05
-3.20501e-05
-3.08806e-05
-3.02593e-05
-3.20135e-05
-3.20866e-05
-3.1575e-05
-3.17577e-05
-3.14288e-05
-3.0369e-05
-3.17577e-05
-3.3256e-05
-3.12095e-05
-3.12461e-05
-3.23059e-05
-3.30002e-05
-3.39504e-05
-3.22328e-05
-3.19404e-05
-3.13557e-05
-3.16115e-05
-3.18308e-05
-3.16481e-05
-3.22328e-05
-3.15019e-05
-3.18673e-05
-3.24155e-05
-3.19039e-05
-3.15384e-05
-3.09537e-05
-3.13191e-05
-3.21962e-05
-3.16115e-05
-3.25982e-05
-3.13557e-05
-3.16481e-05
-3.10633e-05
-3.05152e-05
-3.12095e-05
-3.12461e-05
-3.12826e-05
-3.1977e-05
-3.16115e-05
-3.16846e-05
-3.19039e-05
-3.14653e-05
-3.16481e-05
-3.20135e-05
-3.21597e-05
-3.20135e-05
-3.17211e-05
-3.24155e-05
-3.22693e-05
-3.2781e-05
-3.15019e-05
-3.18308e-05
-3.2781e-05
-3.18308e-05
-3.08441e-05
-3.2379e-05
-3.26713e-05
-3.05517e-05
-3.17942e-05
-3.29271e-05
-3.22328e-05
-3.19039e-05
-3.18673e-05
-3.09172e-05
-3.10999e-05
-3.16846e-05
-3.14653e-05
-3.34388e-05
-3.21962e-05
-3.19039e-05
-3.33657e-05
-3.24886e-05
-3.08806e-05
-3.24155e-05
-3.2379e-05
-3.20501e-05
-3.11364e-05
-3.00766e-05
-3.26348e-05
-3.22693e-05
-3.08441e-05
-3.25982e-05
-3.20135e-05
-3.08806e-05
-3.25617e-05
-3.31464e-05
-3.16846e-05
-3.14653e-05
-3.13557e-05
-3.24886e-05
-3.21231e-05
-3.18308e-05
-3.16115e-05
-3.06613e-05
-3.16846e-05
-3.26348e-05
-3.11364e-05
-3.2854e-05
-3.21231e-05
-3.05882e-05
-3.27079e-05
-3.26348e-05
-3.26713e-05
-3.16115e-05
-3.22328e-05
-3.26348e-05
-3.22328e-05
-3.10999e-05
-3.31464e-05
-3.18308e-05
-3.10633e-05
-3.07344e-05
-3.02593e-05
-3.2379e-05
-3.14653e-05
-3.18308e-05
-3.13557e-05
-3.17942e-05
-3.10999e-05
-3.20866e-05
-3.07344e-05
-3.04786e-05
-3.10633e-05
-3.20866e-05
-3.01863e-05
-3.24155e-05
-3.13557e-05
-3.17211e-05
-3.04421e-05
-3.13922e-05
-3.15019e-05
-3.14288e-05
-3.2452e-05
-3.15384e-05
-3.05517e-05
-3.15384e-05
-3.15019e-05
-3.16115e-05
-3.12095e-05
-3.16115e-05
-3.19404e-05
-3.21962e-05
-3.19039e-05
-3.06248e-05
-3.20866e-05
-3.14653e-05
-3.25251e-05
-3.35849e-05
-3.31464e-05
-3.21231e-05
-3.27444e-05
-3.31099e-05
-3.13922e-05
-2.97112e-05
-3.18308e-05
-3.19404e-05
-3.26713e-05
-3.16846e-05
-3.17577e-05
-3.10268e-05
-3.17942e-05
-3.15019e-05
-3.07344e-05
-3.17942e-05
-3.16846e-05
-3.21597e-05
-3.29271e-05
-3.20501e-05
-3.26713e-05
-3.16115e-05
-3.12095e-05
-3.16846e-05
-3.14288e-05
-3.06248e-05
-3.06979e-05
-3.06979e-05
-3.20135e-05
-3.0771e-05
-3.2452e-05
-3.34753e-05
-3.23059e-05
-3.21962e-05
-3.16115e-05
-3.14653e-05
-3.05517e-05
-3.1575e-05
-3.10999e-05
-3.19404e-05
-3.19404e-05
-3.19404e-05
-3.2781e-05
-3.24886e-05
-3.30002e-05
-3.28906e-05
-3.19039e-05
-3.13557e-05
-3.09172e-05
-3.12826e-05
-3.0771e-05
-3.19404e-05
-3.17211e-05
-3.12461e-05
-3.16115e-05
-3.04421e-05
-3.22693e-05
-3.16481e-05
-3.31099e-05
-3.29637e-05
-3.31464e-05
-3.0369e-05
-3.01863e-05
-3.17577e-05
-3.42428e-05
-3.34388e-05
-3.20501e-05
-2.92361e-05
-3.08441e-05
-3.46813e-05
-3.48275e-05
-3.08441e-05
-2.66048e-05
-2.9565e-05
-3.45717e-05
-3.32926e-05
-3.09902e-05
-2.84321e-05
-2.99304e-05
-3.50102e-05
-3.49737e-05
-3.12461e-05
-2.98939e-05
-3.11364e-05
-3.17577e-05
-3.37311e-05
-3.28175e-05
-3.19404e-05
-3.10268e-05
-3.2854e-05
-3.28175e-05
-3.18673e-05
-3.08806e-05
-3.12826e-05
-3.17942e-05
-3.12095e-05
-3.17577e-05
-3.19404e-05
-3.01863e-05
-3.10633e-05
-3.04421e-05
-3.01497e-05
-3.13922e-05
-3.17577e-05
-3.18673e-05
-3.08075e-05
-3.16846e-05
-3.16115e-05
-3.19039e-05
-3.39504e-05
-3.25982e-05
-3.22328e-05
-3.12095e-05
-3.16846e-05
-3.07344e-05
-3.10999e-05
-3.14653e-05
-3.19039e-05
-3.22693e-05
-3.11364e-05
-3.08075e-05
-3.03324e-05
-3.17942e-05
-3.16115e-05
-3.01863e-05
-3.04786e-05
-3.00401e-05
-3.17211e-05
-3.21597e-05
-3.23059e-05
-3.23059e-05
-3.17577e-05
-3.18673e-05
-3.1977e-05
-3.17211e-05
-3.10999e-05
-3.20866e-05
-3.29271e-05
-3.17577e-05
-3.25251e-05
-3.19039e-05
-3.08075e-05
-3.13557e-05
-3.15019e-05
-3.10999e-05
-3.1575e-05
-3.00766e-05
-3.01863e-05
-3.16481e-05
-3.22328e-05
-3.16481e-05
-3.08075e-05
-3.16846e-05
-3.08441e-05
-3.14653e-05
-3.19039e-05
-3.16481e-05
-3.10633e-05
-3.10633e-05
-3.20135e-05
-3.18308e-05
-3.20135e-05
-3.09172e-05
-3.1173e-05
-3.15019e-05
-3.15019e-05
-3.08441e-05
-3.21231e-05
-3.1173e-05
-3.14288e-05
-3.15384e-05
-3.07344e-05
-3.04786e-05
-3.10999e-05
-3.12095e-05
-3.13922e-05
-3.1173e-05
-3.23059e-05
-3.2379e-05
-3.15384e-05
-3.21962e-05
-3.21231e-05
-3.21962e-05
-3.09902e-05
-3.06248e-05
-3.05517e-05
-3.23059e-05
-3.10268e-05
-3.23424e-05
-3.19404e-05
-3.16481e-05
-3.26348e-05
-3.20866e-05
-3.24155e-05
-3.15019e-05
-3.29637e-05
-3.17577e-05
-3.09172e-05
-3.25617e-05
-3.20866e-05
-3.16115e-05
-3.20866e-05
-3.07344e-05
-3.0369e-05
-3.13922e-05
-3.19404e-05
-3.14288e-05
-3.17211e-05
-3.17211e-05
-3.10633e-05
-3.12095e-05
-3.14653e-05
-3.06979e-05
-3.16115e-05
-3.28906e-05
-3.11364e-05
-3.19039e-05
-3.12461e-05
-3.04786e-05
-3.09902e-05
-3.31829e-05
-3.23059e-05
-3.25251e-05
-3.18308e-05
-3.05152e-05
-3.19404e-05
-3.15384e-05
-3.24886e-05
-3.18308e-05
-3.30368e-05
-3.2379e-05
-3.29637e-05
-3.28175e-05
-3.16481e-05
-3.08806e-05
-3.30368e-05
-3.13922e-05
-3.13922e-05
-3.16846e-05
-3.09172e-05
-3.2379e-05
-3.23424e-05
-3.24155e-05
-3.19404e-05
-3.2781e-05
-3.12826e-05
-3.17942e-05
-3.05517e-05
-3.14288e-05
-3.09902e-05
-3.01497e-05
-3.19039e-05
-3.16115e-05
-3.16846e-05
-3.10999e-05
-3.15019e-05
-3.17942e-05
-3.25982e-05
-3.3256e-05
-3.0771e-05
-3.09537e-05
-3.1173e-05
-3.03324e-05
-3.1575e-05
-3.17942e-05
-3.04421e-05
-3.12826e-05
-3.16846e-05
-3.24155e-05
-3.23059e-05
-3.05517e-05
-3.12826e-05
-3.08441e-05
-3.22693e-05
-3.25982e-05
-3.2379e-05
-3.16115e-05
-3.21597e-05
-3.33657e-05
-3.31829e-05
-3.23424e-05
-3.09902e-05
-3.16846e-05
-3.19039e-05
-3.08441e-05
-3.22328e-05
-3.24155e-05
-3.1173e-05
-3.08441e-05
-3.21597e-05
-3.15384e-05
-3.21231e-05
-3.20866e-05
-3.25251e-05
-3.18308e-05
-3.10999e-05
-3.20135e-05
-3.2781e-05
-3.17942e-05
-3.28175e-05
-3.07344e-05
-3.16115e-05
-3.22328e-05
-3.24886e-05
-3.22328e-05
-3.28175e-05
-3.14288e-05
-3.20866e-05
-3.17942e-05
-3.20866e-05
-3.15019e-05
-3.04786e-05
-3.10268e-05
-3.20135e-05
-3.19404e-05
-3.12826e-05
-3.06248e-05
-3.26713e-05
-3.17211e-05
-3.25251e-05
-3.24886e-05
-3.01497e-05
-3.18673e-05
-3.17942e-05
-3.2781e-05
-3.12095e-05
-3.19404e-05
-3.15384e-05
-3.21231e-05
-3.24155e-05
-3.1977e-05
-3.17211e-05
-3.25982e-05
-3.08075e-05
-3.13922e-05
-3.14653e-05
-3.16115e-05
-3.3256e-05
-3.32195e-05
-3.07344e-05
-3.13191e-05
-3.1575e-05
-3.31829e-05
-3.18308e-05
-3.01132e-05
-3.10633e-05
-3.16481e-05
-3.30368e-05
-3.28175e-05
-3.13557e-05
-3.18673e-05
-3.06979e-05
-3.22328e-05
-3.20866e-05
-3.12826e-05
-3.1173e-05
-3.19404e-05
-3.13557e-05
-3.23424e-05
-3.20501e-05
-3.35849e-05
-3.11364e-05
-3.11364e-05
-3.11364e-05
-3.12826e-05
-3.09537e-05
-3.25251e-05
-3.19039e-05
-3.15384e-05
-3.20135e-05
-3.20135e-05
-3.16481e-05
-3.14653e-05
-3.23424e-05
-3.14653e-05
-3.08806e-05
-3.27079e-05
-3.26713e-05
-3.0771e-05
-3.01132e-05
-3.00766e-05
-3.2854e-05
-3.35849e-05
-3.09902e-05
-2.97843e-05
-3.19039e-05
-3.26713e-05
-3.27079e-05
-3.24886e-05
-3.18673e-05
-3.01132e-05
-3.25982e-05
-3.26713e-05
-3.31099e-05
-3.1575e-05
-3.09537e-05
-3.18308e-05
-3.12095e-05
-3.16481e-05
-3.13191e-05
-3.10633e-05
-3.16846e-05
-3.12826e-05
-3.13922e-05
-3.12826e-05
-3.16846e-05
-3.22693e-05
-3.09902e-05
-3.21231e-05
-3.30733e-05
-3.22693e-05
-3.10999e-05
-3.00766e-05
-3.06613e-05
-3.21962e-05
-3.30733e-05
-3.15384e-05
-3.01132e-05
-3.17577e-05
-3.16846e-05
-3.10633e-05
-3.15019e-05
-3.16481e-05
-3.25982e-05
-3.21231e-05
-3.14653e-05
-3.10999e-05
-3.26713e-05
-3.26348e-05
-3.15019e-05
-3.12095e-05
-3.13557e-05
-3.31099e-05
-3.18673e-05
-3.27444e-05
-3.19039e-05
-3.09537e-05
-3.16481e-05
-3.16846e-05
-3.0771e-05
-3.19404e-05
-3.22328e-05
-3.25251e-05
-3.17577e-05
-3.17942e-05
-3.26713e-05
-3.16481e-05
-3.14288e-05
-3.10999e-05
-3.13191e-05
-3.18308e-05
-3.22693e-05
-3.25251e-05
-3.20866e-05
-3.22328e-05
-3.13922e-05
-3.17942e-05
-3.09172e-05
-3.10268e-05
-3.14288e-05
-3.32195e-05
-3.36215e-05
-3.09537e-05
-3.0369e-05
-3.25251e-05
-3.406e-05
-3.2781e-05
-3.16115e-05
-3.15384e-05
-3.13191e-05
-3.21962e-05
-3.30368e-05
-3.30368e-05
-3.06613e-05
-3.03324e-05
-3.33657e-05
-3.21597e-05
-3.18308e-05
-3.20135e-05
-3.15019e-05
-3.04786e-05
-3.0369e-05
-3.08075e-05
-3.23059e-05
-3.1575e-05
-3.19404e-05
-3.10999e-05
-3.15019e-05
-3.18673e-05
-3.16846e-05
-3.02959e-05
-3.20866e-05
-3.25251e-05
-3.14288e-05
-3.16115e-05
-3.08441e-05
-3.18308e-05
-3.08441e-05
-3.11364e-05
-3.04786e-05
-3.16115e-05
-3.34753e-05
-3.24886e-05
-3.2452e-05
-3.16846e-05
-3.12461e-05
-3.2379e-05
-3.33291e-05
-3.28906e-05
-3.21962e-05
-3.19039e-05
-3.2781e-05
-3.25617e-05
-3.06979e-05
-3.09172e-05
-3.17577e-05
-3.21231e-05
-3.22693e-05
-3.25617e-05
-3.24886e-05
-3.1977e-05
-3.1977e-05
-3.11364e-05
-3.20135e-05
-3.27079e-05
-3.2379e-05
-3.17577e-05
-3.26713e-05
-3.05517e-05
-3.15384e-05
-3.14288e-05
-3.15384e-05
-3.20135e-05
-3.16115e-05
-3.09902e-05
-3.24155e-05
-3.24155e-05
-3.23059e-05
-3.2781e-05
-3.24886e-05
-3.14653e-05
-3.2452e-05
-3.1575e-05
-3.19404e-05
-3.13557e-05
-3.08441e-05
-3.27444e-05
-3.15384e-05
-2.9967e-05
-3.15019e-05
-3.18673e-05
-3.11364e-05
-3.10268e-05
-3.12826e-05
-3.03324e-05
-3.16115e-05
-3.16481e-05
-3.18308e-05
-3.11364e-05
-3.15019e-05
-3.21597e-05
-3.17942e-05
-3.23059e-05
-3.13922e-05
-3.2379e-05
-3.17211e-05
-3.1173e-05
-3.1575e-05
-3.19404e-05
-3.14653e-05
-3.20866e-05
-3.21231e-05
-3.20866e-05
-3.29271e-05
-3.26713e-05
-3.09172e-05
-3.35484e-05
-3.06613e-05
-3.10633e-05
-3.24886e-05
-3.15019e-05
-3.19404e-05
-3.09537e-05
-3.31464e-05
-3.22328e-05
-3.16115e-05
-3.16481e-05
-3.21597e-05
-3.13922e-05
-3.21231e-05
-3.04421e-05
-3.2854e-05
-3.28906e-05
-3.2781e-05
-3.1575e-05
-3.11364e-05
-3.35484e-05
-3.30368e-05
-3.20501e-05
-3.06979e-05
-3.20501e-05
-3.15384e-05
-3.29271e-05
-3.31829e-05
-3.19039e-05
-3.11364e-05
-3.22693e-05
-3.14288e-05
-3.20501e-05
-3.34022e-05
-3.21962e-05
-3.04786e-05
-3.15019e-05
-3.2452e-05
-3.2379e-05
-3.17211e-05
-3.21231e-05
-3.24155e-05
-3.1977e-05
-3.22693e-05
-3.32195e-05
-3.15019e-05
-3.16115e-05
-3.2379e-05
-3.32926e-05
-3.01132e-05
-3.2781e-05
-3.27444e-05
-3.20135e-05
-3.21962e-05
-3.30733e-05
-3.0771e-05
-3.07344e-05
-3.13922e-05
-3.2781e-05
-3.30733e-05
-3.25982e-05
-3.1977e-05
-3.10268e-05
-3.07344e-05
-3.21962e-05
-3.28175e-05
-3.12095e-05
-3.15019e-05
-3.31464e-05
-3.16846e-05
-3.13922e-05
-3.15384e-05
-3.13557e-05
-3.1173e-05
-3.02593e-05
-3.13922e-05
-3.18308e-05
-3.23059e-05
-3.18673e-05
-3.2379e-05
-3.18673e-05
-3.25982e-05
-3.14288e-05
-3.20866e-05
-3.20135e-05
-3.20135e-05
-3.16846e-05
-3.30368e-05
-3.10268e-05
-3.05517e-05
-3.17942e-05
-3.13557e-05
-3.1173e-05
-3.1173e-05
-3.27079e-05
-3.09537e-05
-3.22693e-05
-3.0771e-05
-3.0771e-05
-3.18308e-05
-3.16481e-05
-3.26348e-05
-3.16481e-05
-3.16115e-05
-3.30368e-05
-3.18308e-05
-3.17577e-05
-3.02593e-05
-3.12826e-05
-3.12095e-05
-3.13557e-05
-3.1575e-05
-3.14653e-05
-3.21231e-05
-3.03324e-05
-3.17577e-05
-3.12826e-05
-3.10999e-05
-3.2452e-05
-3.30733e-05
-3.22693e-05
-3.18308e-05
-3.16481e-05
-3.20135e-05
-3.2781e-05
-3.2781e-05
-3.20501e-05
-3.10268e-05
-3.19404e-05
-3.14288e-05
-3.22693e-05
-3.16846e-05
-3.13557e-05
-3.20135e-05
-3.06979e-05
-3.23424e-05
-3.21962e-05
-3.16115e-05
-3.13191e-05
-3.17211e-05
-3.20501e-05
-3.20501e-05
-3.15019e-05
-3.20501e-05
-3.13557e-05
-3.16846e-05
-3.10633e-05
-3.14288e-05
-3.21597e-05
-3.17577e-05
-3.09537e-05
-3.12461e-05
-3.15019e-05
-3.18308e-05
-3.20866e-05
-3.16481e-05
-3.1977e-05
-3.27079e-05
-3.26348e-05
-3.16481e-05
-3.12095e-05
-3.13922e-05
-3.29637e-05
-3.17942e-05
-3.20866e-05
-3.11364e-05
-3.14653e-05
-3.13922e-05
-3.22693e-05
-3.16481e-05
-3.36215e-05
-3.34022e-05
-3.21231e-05
-3.12826e-05
-3.02593e-05
-3.18673e-05
-3.19404e-05
-3.1575e-05
-3.21962e-05
-3.15019e-05
-3.10999e-05
-3.21597e-05
-3.13557e-05
-3.16846e-05
-3.17942e-05
-3.2854e-05
-3.24886e-05
-3.13191e-05
-3.21231e-05
-3.28906e-05
-3.23059e-05
-3.13191e-05
-3.12461e-05
-3.22693e-05
-3.1977e-05
-3.16481e-05
-3.10633e-05
-3.27079e-05
-3.19404e-05
-3.25982e-05
-3.19039e-05
-3.09172e-05
-3.10633e-05
-3.24155e-05
-3.21962e-05
-3.11364e-05
-3.13557e-05
-3.18673e-05
-3.23059e-05
-3.26348e-05
-3.20501e-05
-3.32926e-05
-3.25251e-05
-3.1575e-05
-3.0771e-05
-3.17577e-05
-3.2781e-05
-3.16481e-05
-3.1173e-05
-3.20501e-05
-3.29637e-05
-3.26348e-05
-3.29271e-05
-3.12826e-05
-3.21597e-05
-3.19039e-05
-3.02228e-05
-3.17211e-05
-2.99304e-05
-3.06979e-05
-3.09172e-05
-3.07344e-05
-3.19039e-05
-3.1575e-05
-3.10999e-05
-3.26348e-05
-3.24155e-05
-3.27079e-05
-3.16481e-05
-3.10268e-05
-3.22328e-05
-3.10633e-05
-2.69703e-05
-3.66182e-05
-3.25617e-05
-2.73357e-05
-3.68375e-05
-3.10268e-05
-3.02959e-05
-3.30002e-05
-3.18673e-05
-2.97477e-05
-3.09902e-05
-3.15019e-05
-3.07344e-05
-3.10268e-05
-3.11364e-05
-3.30368e-05
-3.22693e-05
-3.16481e-05
-3.17577e-05
-3.23424e-05
-3.18308e-05
-3.08806e-05
-3.22328e-05
-3.16481e-05
-3.2379e-05
-3.06979e-05
-3.06979e-05
-3.17211e-05
-3.2379e-05
-3.17577e-05
-3.21231e-05
-3.17577e-05
-3.2452e-05
-3.26348e-05
-3.29637e-05
-3.20135e-05
-3.10999e-05
-3.0771e-05
-3.04786e-05
-3.12095e-05
-3.31099e-05
-3.23059e-05
-3.2781e-05
-3.17577e-05
-3.10633e-05
-3.32926e-05
-3.20135e-05
-3.26713e-05
-3.13922e-05
-3.19404e-05
-3.14288e-05
-3.13557e-05
-3.12826e-05
-3.08806e-05
-3.17211e-05
-3.19039e-05
-3.12095e-05
-2.98208e-05
-3.14653e-05
-3.11364e-05
-3.17577e-05
-3.12461e-05
-3.25251e-05
-3.27079e-05
-3.1575e-05
-3.27444e-05
-3.26348e-05
-3.19039e-05
-3.16846e-05
-3.20501e-05
-3.13557e-05
-3.17211e-05
-3.17942e-05
-3.16115e-05
-3.34022e-05
-3.23424e-05
-3.23059e-05
-3.39139e-05
-3.27444e-05
-3.19404e-05
-3.2379e-05
-3.31829e-05
-2.86148e-05
-3.42793e-05
-3.05517e-05
-3.02228e-05
-3.21231e-05
-2.99304e-05
-3.19404e-05
-3.23059e-05
-3.25617e-05
-3.05882e-05
-3.18673e-05
-3.2452e-05
-3.25617e-05
-3.20501e-05
-3.22693e-05
-3.23059e-05
-3.25251e-05
-3.15384e-05
-3.23059e-05
-3.17211e-05
-3.20866e-05
-3.23424e-05
-3.26348e-05
-3.11364e-05
-3.20501e-05
-3.24155e-05
-3.22693e-05
-3.17211e-05
-3.10633e-05
-3.09902e-05
-3.06979e-05
-3.08806e-05
-3.19404e-05
-3.15384e-05
-3.21231e-05
-3.13557e-05
-3.26713e-05
-3.04786e-05
-3.09172e-05
-3.1173e-05
-3.21962e-05
-3.14653e-05
-3.17577e-05
-3.16115e-05
-3.28175e-05
-3.23424e-05
-3.13191e-05
-3.12826e-05
-3.17577e-05
-3.08075e-05
-3.12461e-05
-3.21962e-05
-3.0369e-05
-3.14288e-05
-3.15019e-05
-3.19039e-05
-3.30368e-05
-3.26713e-05
-3.30002e-05
-3.12095e-05
-2.97112e-05
-3.27444e-05
-3.19039e-05
-3.2379e-05
-3.14288e-05
-3.12095e-05
-3.02959e-05
-3.18673e-05
-3.21597e-05
-3.21597e-05
-3.14288e-05
-3.11364e-05
-3.18308e-05
-3.13557e-05
-3.1173e-05
-3.25617e-05
-3.32926e-05
-3.21962e-05
-3.14288e-05
-3.27079e-05
-2.98939e-05
-3.05517e-05
-3.32195e-05
-3.2379e-05
-3.28906e-05
-3.2854e-05
-3.20866e-05
-3.22693e-05
-3.2854e-05
-3.2781e-05
-3.2854e-05
-3.17577e-05
-3.16846e-05
-3.29271e-05
-3.28906e-05
-3.1173e-05
-3.23059e-05
-3.1173e-05
-3.25617e-05
-3.16846e-05
-3.10999e-05
-3.13922e-05
-3.1977e-05
-3.3658e-05
-3.27444e-05
-3.22328e-05
-3.22328e-05
-3.09537e-05
-3.0771e-05
-3.12826e-05
-3.10633e-05
-3.05882e-05
-3.29271e-05
-3.25617e-05
-3.18673e-05
-3.16115e-05
-3.0771e-05
-3.16115e-05
-3.13557e-05
-3.2452e-05
-3.07344e-05
-3.31099e-05
-3.30002e-05
-3.21231e-05
-3.18673e-05
-3.31829e-05
-3.17577e-05
-3.23059e-05
-3.19404e-05
-3.20135e-05
-3.20501e-05
-3.16846e-05
-3.17942e-05
-3.1977e-05
-3.20501e-05
-3.08075e-05
-3.1575e-05
-3.26348e-05
-3.2452e-05
-3.12461e-05
-3.17942e-05
-3.23059e-05
-3.16481e-05
-3.17577e-05
-3.15019e-05
-3.15019e-05
-3.18308e-05
-3.2379e-05
-3.2379e-05
-3.13557e-05
-3.06248e-05
-3.18673e-05
-3.22328e-05
-3.17577e-05
-3.31829e-05
-3.20501e-05
-3.11364e-05
-3.1575e-05
-3.13922e-05
-3.20501e-05
-3.23059e-05
-3.24886e-05
-3.19039e-05
-2.98939e-05
-3.37311e-05
-3.21962e-05
-3.1575e-05
-3.2379e-05
-3.16846e-05
-3.34022e-05
-3.30002e-05
-3.30002e-05
-3.31829e-05
-3.26713e-05
-3.15019e-05
-3.13191e-05
-3.15019e-05
-3.25982e-05
-3.13191e-05
-3.22328e-05
-3.2781e-05
-3.16115e-05
-3.16481e-05
-3.30368e-05
-3.12095e-05
-3.1575e-05
-3.21962e-05
-3.26348e-05
-3.2379e-05
-3.19039e-05
-3.09902e-05
-3.07344e-05
-3.14653e-05
-3.0771e-05
-3.23424e-05
-3.16481e-05
-3.13922e-05
-3.16846e-05
-3.13557e-05
-3.32195e-05
-3.15384e-05
-3.19404e-05
-3.13922e-05
-3.14288e-05
-3.09172e-05
-3.42428e-05
-3.3256e-05
-3.33657e-05
