1554883346.233815060
1554883346.243658101
1554883346.253494618
1554883346.263527710
1554883346.273617385
1554883346.283485333
1554883346.293530158
1554883346.303646489
1554883346.313597311
1554883346.323454437
1554883346.333407127
1554883346.343540310
1554883346.353554381
1554883346.363675225
1554883346.373577906
1554883346.383676828
1554883346.393518254
1554883346.403538119
1554883346.413649463
1554883346.423669374
1554883346.433518771
1554883346.443566484
1554883346.453546834
1554883346.463472636
1554883346.473491133
1554883346.483690904
1554883346.493578812
1554883346.503520777
1554883346.513561061
1554883346.523586315
1554883346.533475063
1554883346.543658689
1554883346.553542846
1554883346.563612678
1554883346.573515036
1554883346.583479121
1554883346.593666130
1554883346.603458565
1554883346.613442360
1554883346.623564639
1554883346.633703472
1554883346.643497286
1554883346.653488510
1554883346.663675843
1554883346.673580115
1554883346.683464305
1554883346.693536202
1554883346.703516078
1554883346.713966217
1554883346.723512902
1554883346.733574692
1554883346.743693374
1554883346.753506560
1554883346.763689051
1554883346.773554850
1554883346.783524896
1554883346.793476537
1554883346.803491017
1554883346.813584919
1554883346.823549110
1554883346.833676114
1554883346.843681381
1554883346.853516085
1554883346.863539332
1554883346.873560818
1554883346.883595378
1554883346.893510997
1554883346.903479196
1554883346.913656964
1554883346.923597738
1554883346.933670097
1554883346.943597826
1554883346.953528066
1554883346.963493065
1554883346.973486728
1554883346.983583170
1554883346.993578617
1554883347.003554500
1554883347.013476305
1554883347.023674363
1554883347.033517232
1554883347.043700307
1554883347.053576258
1554883347.063590657
1554883347.073556753
1554883347.083483710
1554883347.093784104
1554883347.103543474
1554883347.113482985
1554883347.123537953
1554883347.133620065
1554883347.143711800
1554883347.153569869
1554883347.163580103
1554883347.173538444
1554883347.183719128
1554883347.193544063
1554883347.203562119
1554883347.213434345
1554883347.223512231
1554883347.233531839
1554883347.243698626
1554883347.253485669
1554883347.263514987
1554883347.273729059
1554883347.283677802
1554883347.293460436
1554883347.303595957
1554883347.313640748
1554883347.323550972
1554883347.333460882
1554883347.343778270
1554883347.353563523
1554883347.363453453
1554883347.373624255
1554883347.383577599
1554883347.393620795
1554883347.403540537
1554883347.413588296
1554883347.423597166
1554883347.433546732
1554883347.443479304
1554883347.453604124
1554883347.463711126
1554883347.473558284
1554883347.483448481
1554883347.493632075
1554883347.503630568
1554883347.513694873
1554883347.523724890
1554883347.533631463
1554883347.543691300
1554883347.553729049
1554883347.563603611
1554883347.573578978
1554883347.583497590
1554883347.593615041
1554883347.603523546
1554883347.613351861
1554883347.623350172
1554883347.633331066
1554883347.643555340
1554883347.653507801
1554883347.663652540
1554883347.673616736
1554883347.683525152
1554883347.693550724
1554883347.703744141
1554883347.713495867
1554883347.723577596
1554883347.733637024
1554883347.743663589
1554883347.753482722
1554883347.763424956
1554883347.773751845
1554883347.783610571
1554883347.793503288
1554883347.803542240
1554883347.813612131
1554883347.823517754
1554883347.833554070
1554883347.843611433
1554883347.853626265
1554883347.863540421
1554883347.873573511
1554883347.883749242
1554883347.893575290
1554883347.903459319
1554883347.913592121
1554883347.923617210
1554883347.933443904
1554883347.943427208
1554883347.953741617
1554883347.963690876
1554883347.973537418
1554883347.983548575
1554883347.993609804
1554883348.003360400
1554883348.013235247
1554883348.023273312
1554883348.033365875
1554883348.043318244
1554883348.053256926
1554883348.063326569
1554883348.073155870
1554883348.083885702
1554883348.093249015
1554883348.103631838
1554883348.113477873
1554883348.123627152
1554883348.133512747
1554883348.143476987
1554883348.154653255
1554883348.163601463
1554883348.173570809
1554883348.183365976
1554883348.193515543
1554883348.203233381
1554883348.213297310
1554883348.223383131
1554883348.233295891
1554883348.243178911
1554883348.253348317
1554883348.263336555
1554883348.273267470
1554883348.283210652
1554883348.293326439
1554883348.303329253
1554883348.313518501
1554883348.323561950
1554883348.333571723
1554883348.343527771
1554883348.353428972
1554883348.363742187
1554883348.373589334
1554883348.383597842
1554883348.393624963
1554883348.403612804
1554883348.413547729
1554883348.423495657
1554883348.433568138
1554883348.443593487
1554883348.453530519
1554883348.463491726
1554883348.473600937
1554883348.483487292
1554883348.493487682
1554883348.503582330
1554883348.513560791
1554883348.523460771
1554883348.533719644
1554883348.543787077
1554883348.553588121
1554883348.563620283
1554883348.573629899
1554883348.583570776
1554883348.593502476
1554883348.603472374
1554883348.613487910
1554883348.623234236
1554883348.633339584
1554883348.643306285
1554883348.653362302
1554883348.663210001
1554883348.673231653
1554883348.683209296
1554883348.693408450
1554883348.703312491
1554883348.713320754
1554883348.723270162
1554883348.733214810
1554883348.743467439
1554883348.753391233
1554883348.763452459
1554883348.773501774
1554883348.783620746
1554883348.793454724
1554883348.803520569
1554883348.813666215
1554883348.823525787
1554883348.833615100
1554883348.843598615
1554883348.853615254
1554883348.863566728
1554883348.873332321
1554883348.883540881
1554883348.893266901
1554883348.903334717
1554883348.913357716
1554883348.923285642
1554883348.933200192
1554883348.943438367
1554883348.953694771
1554883348.963699600
1554883348.973464433
1554883348.983570019
1554883348.993571398
1554883349.003653391
1554883349.013546406
1554883349.023612402
1554883349.033604495
1554883349.043552319
1554883349.053475987
1554883349.063582009
1554883349.073682800
1554883349.083628911
1554883349.093569151
1554883349.103618428
1554883349.113449343
1554883349.123430017
1554883349.133809413
1554883349.143598473
1554883349.153529256
1554883349.163559248
1554883349.173625556
1554883349.183559553
1554883349.193510949
1554883349.203600133
1554883349.213642060
1554883349.223722608
1554883349.233584349
1554883349.243626235
1554883349.253599584
1554883349.263704690
1554883349.273518349
1554883349.283618343
1554883349.293699351
1554883349.303595078
1554883349.313743601
1554883349.323548908
1554883349.333507193
1554883349.343667009
1554883349.353582209
1554883349.363479138
1554883349.373466784
1554883349.383788272
1554883349.393610192
1554883349.403710851
1554883349.413611599
1554883349.423616238
1554883349.433578147
1554883349.443535737
1554883349.453634133
1554883349.463623384
1554883349.473739508
1554883349.483617529
1554883349.493764342
1554883349.503717787
1554883349.513593019
1554883349.523602561
1554883349.533619789
1554883349.543495045
1554883349.553552835
1554883349.563799022
1554883349.573490187
1554883349.583519053
1554883349.593585943
1554883349.603594173
1554883349.613552305
1554883349.623514231
1554883349.633555725
1554883349.643615373
1554883349.653557089
1554883349.663826599
1554883349.673627380
1554883349.683569747
1554883349.693752248
1554883349.703546054
1554883349.713558698
1554883349.723558810
1554883349.733442339
1554883349.743652834
1554883349.753603400
1554883349.763549000
1554883349.773621283
1554883349.783597440
1554883349.793507459
1554883349.803591977
1554883349.813719767
1554883349.823601218
1554883349.833567712
1554883349.843661402
1554883349.853602157
1554883349.863551078
1554883349.873465533
1554883349.883610390
1554883349.893668953
1554883349.903547002
1554883349.913720758
1554883349.923615193
1554883349.933540579
1554883349.943486256
1554883349.953572900
1554883349.963621349
1554883349.973755543
1554883349.983495200
1554883349.993848413
1554883350.003571615
1554883350.013569069
1554883350.023588197
1554883350.033614472
1554883350.043556506
1554883350.053714507
1554883350.063539166
1554883350.073537333
1554883350.083703140
1554883350.093846457
1554883350.103616073
1554883350.113560264
1554883350.123747309
1554883350.133580689
1554883350.143615660
1554883350.153720979
1554883350.163509647
1554883350.173719526
1554883350.183609939
1554883350.193744405
1554883350.203664877
1554883350.213610631
1554883350.223532449
1554883350.233608993
1554883350.243739191
1554883350.253619711
1554883350.263523576
1554883350.273565624
1554883350.283601609
1554883350.293534826
1554883350.303514569
1554883350.313623149
1554883350.323621190
1554883350.333486493
1554883350.343551066
1554883350.353704788
1554883350.363515719
1554883350.373574841
1554883350.383620479
1554883350.393625475
1554883350.403719621
1554883350.413547586
1554883350.423746955
1554883350.433631187
1554883350.443565902
1554883350.453619611
1554883350.463702849
1554883350.473496638
1554883350.483537560
1554883350.493612006
1554883350.503631767
1554883350.513583228
1554883350.523810733
1554883350.533602374
1554883350.543744745
1554883350.553521547
1554883350.563586117
1554883350.573694766
1554883350.583503757
1554883350.593485469
1554883350.603800260
1554883350.613554979
1554883350.623724820
1554883350.633650498
1554883350.643639197
1554883350.653540533
1554883350.663553012
1554883350.673741892
1554883350.683621040
1554883350.693559971
1554883350.703643105
1554883350.713614926
1554883350.723524473
1554883350.733964626
1554883350.744069081
1554883350.753646249
1554883350.763503933
1554883350.773550366
1554883350.783813178
1554883350.793550214
1554883350.803541628
1554883350.813611508
1554883350.823704738
1554883350.833665748
1554883350.843593953
1554883350.853773437
1554883350.863660962
1554883350.873571604
1554883350.883612570
1554883350.893601736
1554883350.903560818
1554883350.913556923
1554883350.923628678
1554883350.933620259
1554883350.943512273
1554883350.953636763
1554883350.963711609
1554883350.973416039
1554883350.983235683
1554883350.993558453
1554883351.003358651
1554883351.013484969
1554883351.023362402
1554883351.033616286
1554883351.043569278
1554883351.053889185
1554883351.063580026
1554883351.073479330
1554883351.083664748
1554883351.093536771
1554883351.103772322
1554883351.113354102
1554883351.123403152
1554883351.133325997
1554883351.143307067
1554883351.153280744
1554883351.163238025
1554883351.173299541
1554883351.183470840
1554883351.193308071
1554883351.203779150
1554883351.213587442
1554883351.223539166
1554883351.233541853
1554883351.243661607
1554883351.253676338
1554883351.263629243
1554883351.273587857
1554883351.283667080
1554883351.293570771
1554883351.303966729
1554883351.313539066
1554883351.323437756
1554883351.333548399
1554883351.343630939
1554883351.353610071
1554883351.363642313
1554883351.373555833
1554883351.383840055
1554883351.393626777
1554883351.403642140
1554883351.413625913
1554883351.423583473
1554883351.433593450
1554883351.443615115
1554883351.454009650
1554883351.463614086
1554883351.473557247
1554883351.483671678
1554883351.493589743
1554883351.503815900
1554883351.513637993
1554883351.523517758
1554883351.533737598
1554883351.543593424
1554883351.553761756
1554883351.563602777
1554883351.573637535
1554883351.583622221
1554883351.593891830
1554883351.604752833
1554883351.613634529
1554883351.623567206
1554883351.633674968
1554883351.643579839
1554883351.653744221
1554883351.663553123
1554883351.673471402
1554883351.683648323
1554883351.693615450
1554883351.703711930
1554883351.713621292
1554883351.723621672
1554883351.733660337
1554883351.743622125
1554883351.753756268
1554883351.763615044
1554883351.773593385
1554883351.783598758
1554883351.793614457
1554883351.803957813
1554883351.813605541
1554883351.823641150
1554883351.833642594
1554883351.843631864
1554883351.853971683
1554883351.863619779
1554883351.873592831
1554883351.883657618
1554883351.893590365
1554883351.903848568
1554883351.913548834
1554883351.923541665
1554883351.933627457
1554883351.943670768
1554883351.953839237
1554883351.963527426
1554883351.973597008
1554883351.983714022
1554883351.993504925
1554883352.003736876
1554883352.013526724
1554883352.023628048
1554883352.033583968
1554883352.043583842
1554883352.053623413
1554883352.063554329
1554883352.073776024
1554883352.083579277
1554883352.093519210
1554883352.103665320
1554883352.113770749
1554883352.123617215
1554883352.133638755
1554883352.143592686
1554883352.153885772
1554883352.163621070
1554883352.173598553
1554883352.183621036
1554883352.193593375
1554883352.203620168
1554883352.213605364
1554883352.223621607
1554883352.233567405
1554883352.243681980
1554883352.253673533
1554883352.263457528
1554883352.273276735
1554883352.283693292
1554883352.293337426
1554883352.303353545
1554883352.313305005
1554883352.323361736
1554883352.333364149
1554883352.343387262
1554883352.353703450
1554883352.363668979
1554883352.373601301
1554883352.383498021
1554883352.393639659
1554883352.403686843
1554883352.413476674
1554883352.423545782
1554883352.433839204
1554883352.443410364
1554883352.453707632
1554883352.463490137
1554883352.473553821
1554883352.483489468
1554883352.493538430
1554883352.503855315
1554883352.513421542
1554883352.523391909
1554883352.533509331
1554883352.543447796
1554883352.553546419
1554883352.563452970
1554883352.573492046
1554883352.583458646
1554883352.593556972
1554883352.603804451
1554883352.613499622
1554883352.623469212
1554883352.633625412
1554883352.643645424
1554883352.653932554
1554883352.663540535
1554883352.673580237
1554883352.683604532
1554883352.693625194
1554883352.703831094
1554883352.713619082
1554883352.723539295
1554883352.733952879
1554883352.743626629
1554883352.753789814
1554883352.763637393
1554883352.773624190
1554883352.783652833
1554883352.793638086
1554883352.803847052
1554883352.813689095
1554883352.823546027
1554883352.833581523
1554883352.843678244
1554883352.853640109
1554883352.863674902
1554883352.873697503
1554883352.883684614
1554883352.893576368
1554883352.903892385
1554883352.913665088
1554883352.923598786
1554883352.933677840
1554883352.943551899
1554883352.953754585
1554883352.963589849
1554883352.973742899
1554883352.983726926
1554883352.993546500
1554883353.003713006
1554883353.013667454
1554883353.023669985
1554883353.033634417
1554883353.043557604
1554883353.054045931
1554883353.063654662
1554883353.073594487
1554883353.083650269
1554883353.093634756
1554883353.103700020
1554883353.113683752
1554883353.123549782
1554883353.133639545
1554883353.143653146
1554883353.153806423
1554883353.163741011
1554883353.173646682
1554883353.183684001
1554883353.193612446
1554883353.203912418
1554883353.213516305
1554883353.223733791
1554883353.233762218
1554883353.243506018
1554883353.253736860
1554883353.263868719
1554883353.273559593
1554883353.283585494
1554883353.293564897
1554883353.303565862
1554883353.313528693
1554883353.323582231
1554883353.333507704
1554883353.343620325
1554883353.353648559
1554883353.363631708
1554883353.373580337
1554883353.383519425
1554883353.393660809
1554883353.403828527
1554883353.413550761
1554883353.423586129
1554883353.433490392
1554883353.443565403
1554883353.453553643
1554883353.463605651
1554883353.473674786
1554883353.483634970
1554883353.493543186
1554883353.503516433
1554883353.513560483
1554883353.523656004
1554883353.582054733
1554883353.582195234
1554883353.582250141
1554883353.582295820
1554883353.582340534
1554883353.583415280
1554883353.593620850
1554883353.603953069
1554883353.613599285
1554883353.623396088
1554883353.633226016
1554883353.643452738
1554883353.654289197
1554883353.663335268
1554883353.673375984
1554883353.683362731
1554883353.693576709
1554883353.704081277
1554883353.713583994
1554883353.723611424
1554883353.733686138
1554883353.743448939
1554883353.753755697
1554883353.763353177
1554883353.773243272
1554883353.783365710
1554883353.793401652
1554883353.803883502
1554883353.813746441
1554883353.823624259
1554883353.833914643
1554883353.843633893
1554883353.853865149
1554883353.863656856
1554883353.873571577
1554883353.883754882
1554883353.893618964
1554883353.903832117
1554883353.913691217
1554883353.923657756
1554883353.933640253
1554883353.943650007
1554883353.953583240
1554883353.963419113
1554883353.973484985
1554883353.983340114
1554883353.993295561
1554883354.003270877
1554883354.013391770
1554883354.023610421
1554883354.033538333
1554883354.043567294
1554883354.053655045
1554883354.063604825
1554883354.073548044
1554883354.083623042
1554883354.093604000
1554883354.103691828
1554883354.113756605
1554883354.123605007
1554883354.133659195
1554883354.143604931
1554883354.153646880
1554883354.163672862
1554883354.173562404
1554883354.183599840
1554883354.193556560
1554883354.203634812
1554883354.213539262
1554883354.223572752
1554883354.233648227
1554883354.243591357
1554883354.253525150
1554883354.263643032
1554883354.273545229
1554883354.283681095
1554883354.293633427
1554883354.303786214
1554883354.313624347
1554883354.323879297
1554883354.333645995
1554883354.343629529
1554883354.353637808
1554883354.363637629
1554883354.373665149
1554883354.383634451
1554883354.393630207
1554883354.403653764
1554883354.413662856
1554883354.423661835
1554883354.433670995
1554883354.443648054
1554883354.453698383
1554883354.463559954
1554883354.473585559
1554883354.483673484
1554883354.493668287
1554883354.503657769
1554883354.513677438
1554883354.523647734
1554883354.533579069
1554883354.543658142
1554883354.553929927
1554883354.563608840
1554883354.573552311
1554883354.583620552
1554883354.593663446
1554883354.603665014
1554883354.613769628
1554883354.623640610
1554883354.633668808
1554883354.643634049
1554883354.653717630
1554883354.663694941
1554883354.673733125
1554883354.683704788
1554883354.693722221
1554883354.703709033
1554883354.713587723
1554883354.723737203
1554883354.733676120
1554883354.743675619
1554883354.753656540
1554883354.763629596
1554883354.773754211
1554883354.783686838
1554883354.793669548
1554883354.803682156
1554883354.813609347
1554883354.823686905
1554883354.833692248
1554883354.843712771
1554883354.853684132
1554883354.863639558
1554883354.873681812
1554883354.883659665
1554883354.893604144
1554883354.903590529
1554883354.913687793
1554883354.923691683
1554883354.933625613
1554883354.943600275
1554883354.953859541
1554883354.963686824
1554883354.973644580
1554883354.983655146
1554883354.993715422
1554883355.003698211
1554883355.013692707
1554883355.023597232
1554883355.033695605
1554883355.043658068
1554883355.053668282
1554883355.063676367
1554883355.073599046
1554883355.083811967
1554883355.093705134
1554883355.103637123
1554883355.114123088
1554883355.123780064
1554883355.133615962
1554883355.143608639
1554883355.153706828
1554883355.163598139
1554883355.173677504
1554883355.183633195
1554883355.193603822
1554883355.203706259
1554883355.213624131
1554883355.223793666
1554883355.233753646
1554883355.243733696
1554883355.253655673
1554883355.263623260
1554883355.273877959
1554883355.283803553
1554883355.293669121
1554883355.303604524
1554883355.313713234
1554883355.323656559
1554883355.333521705
1554883355.343718238
1554883355.353727302
1554883355.363745439
1554883355.373578313
1554883355.383595425
1554883355.393493696
1554883355.403434147
1554883355.413470620
1554883355.423668000
1554883355.433571281
1554883355.443595102
1554883355.453815202
1554883355.463726688
1554883355.473684402
1554883355.483434363
1554883355.493362715
1554883355.503462242
1554883355.514164953
1554883355.523545802
1554883355.533427505
1554883355.543453789
1554883355.553423898
1554883355.563501268
1554883355.573482422
1554883355.583339347
1554883355.593490095
1554883355.603411120
1554883355.613515705
1554883355.623455654
1554883355.633556977
1554883355.643740107
1554883355.653592516
1554883355.663697519
1554883355.673529120
1554883355.683548625
1554883355.693432931
1554883355.703709666
1554883355.713470908
1554883355.723911975
1554883355.733283745
1554883355.743400712
1554883355.754274740
1554883355.763373185
1554883355.774096050
1554883355.783388797
1554883355.793472770
1554883355.803770987
1554883355.813594272
1554883355.824202232
1554883355.833568410
1554883355.843587371
1554883355.853714690
1554883355.863660694
1554883355.873523011
1554883355.883542053
1554883355.893687622
1554883355.903704243
1554883355.913604017
1554883355.923643816
1554883355.933588771
1554883355.943603300
1554883355.953602129
1554883355.963685005
1554883355.973714829
1554883355.983623546
1554883355.993549880
1554883356.004277825
1554883356.013613756
1554883356.023634051
1554883356.033734922
1554883356.043677537
1554883356.053776031
1554883356.064044203
1554883356.073703591
1554883356.083622474
1554883356.093622141
1554883356.106457437
1554883356.113399678
1554883356.123494753
1554883356.133365764
1554883356.143290268
1554883356.154109235
1554883356.163315473
1554883356.173648851
1554883356.183667080
1554883356.193721078
1554883356.203666831
1554883356.213610339
1554883356.223685780
1554883356.233620529
1554883356.243909755
1554883356.253615369
1554883356.264088809
1554883356.273582908
1554883356.283602438
1554883356.293607233
1554883356.303666861
1554883356.313600947
1554883356.323656031
1554883356.333625305
1554883356.343557722
1554883356.353627350
1554883356.363937840
1554883356.373452531
1554883356.383565067
1554883356.393523199
1554883356.403633132
1554883356.413632905
1554883356.423670631
1554883356.433633947
1554883356.443632800
1554883356.453821781
1554883356.463633120
1554883356.473702886
1554883356.483752319
1554883356.493642380
1554883356.503599602
1554883356.514091318
1554883356.523667441
1554883356.533599702
1554883356.543578776
1554883356.553692078
1554883356.563631800
1554883356.573675982
1554883356.583887390
1554883356.593645073
1554883356.603818529
1554883356.613632206
1554883356.623654696
1554883356.633657426
1554883356.643653789
1554883356.653673864
1554883356.663641509
1554883356.673610591
1554883356.683566652
1554883356.693611989
1554883356.703804313
1554883356.713686727
1554883356.723663082
1554883356.733692872
1554883356.743623999
1554883356.753647461
1554883356.763740942
1554883356.773733107
1554883356.783605955
1554883356.793600642
1554883356.803679799
1554883356.813631391
1554883356.823681647
1554883356.833708560
1554883356.843725801
1554883356.853529410
1554883356.863566219
1554883356.873570963
1554883356.883600492
1554883356.893558119
1554883356.903696398
1554883356.913716464
1554883356.923740360
1554883356.933585180
1554883356.944263897
1554883356.953549103
1554883356.963579369
1554883356.973708808
1554883356.983668949
1554883356.993623933
1554883357.003588482
1554883357.013678926
1554883357.023685148
1554883357.033811550
1554883357.043619083
1554883357.053614829
1554883357.063646140
1554883357.073604549
1554883357.083634954
1554883357.093664580
1554883357.103641219
1554883357.113553136
1554883357.123624545
1554883357.133592745
1554883357.143619164
1554883357.153647323
1554883357.163713794
1554883357.173591816
1554883357.183773934
1554883357.193716391
1554883357.203680770
1554883357.213607475
1554883357.223605511
1554883357.233637671
1554883357.243606634
1554883357.253572268
1554883357.263703618
1554883357.274188234
1554883357.283814102
1554883357.293713979
1554883357.303978131
1554883357.313733525
1554883357.323694928
1554883357.333605273
1554883357.343710124
1554883357.353546367
1554883357.363604619
1554883357.373665539
1554883357.383711999
1554883357.393648172
1554883357.403648453
1554883357.413661190
1554883357.423623791
1554883357.433618614
1554883357.443716604
1554883357.453704946
1554883357.463627902
1554883357.473769476
1554883357.483969790
1554883357.493678407
1554883357.503593234
1554883357.513641520
1554883357.523763365
1554883357.533783250
1554883357.543636138
1554883357.553711466
1554883357.563794963
1554883357.573723383
1554883357.583643231
1554883357.593660315
1554883357.603699648
1554883357.613641494
1554883357.624240475
1554883357.633735068
1554883357.643639538
1554883357.653844831
1554883357.664048525
1554883357.673632581
1554883357.683574241
1554883357.693684382
1554883357.703718556
1554883357.714028632
1554883357.723789030
1554883357.733689941
1554883357.743698262
1554883357.753692161
1554883357.763522284
1554883357.773739556
1554883357.783836323
1554883357.793672516
1554883357.803726081
1554883357.813662699
1554883357.823662707
1554883357.833817934
1554883357.843858089
1554883357.854102365
1554883357.863637529
1554883357.873695030
1554883357.883641918
1554883357.893687870
1554883357.903760161
1554883357.913796668
1554883357.923751794
1554883357.933700194
1554883357.943718279
1554883357.953715392
1554883357.963685967
1554883357.973720733
1554883357.983608901
1554883357.993686880
1554883358.003615335
1554883358.013638966
1554883358.023699970
1554883358.033629469
1554883358.043703321
1554883358.053794171
1554883358.063590633
1554883358.074406090
1554883358.083598444
1554883358.093589508
1554883358.103758981
1554883358.113717425
1554883358.123763699
1554883358.133736063
1554883358.143733208
1554883358.153633283
1554883358.163771105
1554883358.173766705
1554883358.183681403
1554883358.193749090
1554883358.203764273
1554883358.213580082
1554883358.223648348
1554883358.233675946
1554883358.243661862
1554883358.253724591
1554883358.263714681
1554883358.273666439
1554883358.283709454
1554883358.293709001
1554883358.303604235
1554883358.313694983
1554883358.324294875
1554883358.333739853
1554883358.343635141
1554883358.353672749
1554883358.363699977
1554883358.373714175
1554883358.383645741
1554883358.393624991
1554883358.403623146
1554883358.413685010
1554883358.423685785
1554883358.433623692
1554883358.443690320
1554883358.453730243
1554883358.464097530
1554883358.473667882
1554883358.483703005
1554883358.493587911
1554883358.503685999
1554883358.513692947
1554883358.523591029
1554883358.534210108
1554883358.543643588
1554883358.553681602
1554883358.563670292
1554883358.574363507
1554883358.583690917
1554883358.593664559
1554883358.603677561
1554883358.613697564
1554883358.624313571
1554883358.633682100
1554883358.643807296
1554883358.653732468
1554883358.663688508
1554883358.673765896
1554883358.683652272
1554883358.693675818
1554883358.703685889
1554883358.713659107
1554883358.723540724
1554883358.733709344
1554883358.743589191
1554883358.753650518
1554883358.763740825
1554883358.773751489
1554883358.783739514
1554883358.793675403
1554883358.803746551
1554883358.813655300
1554883358.823716205
1554883358.833775533
1554883358.843729732
1554883358.853711596
1554883358.863826450
1554883358.873909931
1554883358.883754246
1554883358.893622006
1554883358.903703925
1554883358.913697028
1554883358.923673399
1554883358.933608277
1554883358.943715380
1554883358.953708633
1554883358.963599722
1554883358.973728170
1554883358.983708060
1554883358.993583758
1554883359.003817398
1554883359.013723878
1554883359.023719733
1554883359.033798282
1554883359.043729302
1554883359.053686933
1554883359.063806291
1554883359.073669019
1554883359.083640502
1554883359.093821682
1554883359.103678472
1554883359.113822653
1554883359.123722603
1554883359.133672840
1554883359.143631513
1554883359.153585844
1554883359.163893742
1554883359.173695564
1554883359.183584789
1554883359.193686245
1554883359.203762405
1554883359.213828586
1554883359.223704361
1554883359.233758577
1554883359.243744582
1554883359.253640714
1554883359.263687130
1554883359.273739840
1554883359.283655233
1554883359.293804505
1554883359.303725066
1554883359.313730565
1554883359.323668701
1554883359.333637565
1554883359.343844843
1554883359.353658375
1554883359.363586253
1554883359.373617923
1554883359.383480180
1554883359.393341635
1554883359.403288629
1554883359.413397880
1554883359.423337884
1554883359.433328799
1554883359.443545675
1554883359.453461528
1554883359.463346551
1554883359.473397554
1554883359.483354003
1554883359.493472030
1554883359.503349185
1554883359.513411998
1554883359.523694316
1554883359.533684878
1554883359.544116812
1554883359.553697065
1554883359.563917043
1554883359.573669983
1554883359.586364335
1554883359.593548465
1554883359.603462258
1554883359.613600960
1554883359.623721462
1554883359.633712266
1554883359.643630738
1554883359.653578737
1554883359.663639830
1554883359.673700088
1554883359.683853939
1554883359.693704171
1554883359.703762995
1554883359.713624241
1554883359.724274365
1554883359.733582304
1554883359.743484031
1554883359.753383135
1554883359.763267887
1554883359.773536363
1554883359.783405733
1554883359.793404103
1554883359.803459931
1554883359.813411346
1554883359.823662979
1554883359.833577008
1554883359.843286215
1554883359.853292573
1554883359.863279128
1554883359.873683959
1554883359.883369522
1554883359.893736438
1554883359.903705856
1554883359.913685705
1554883359.923802518
1554883359.933726986
1554883359.943776632
1554883359.953708189
1554883359.963685536
1554883359.974113901
1554883359.983638928
1554883359.993675532
1554883360.003662744
1554883360.013635272
1554883360.024154679
1554883360.033671116
1554883360.043637548
1554883360.053705155
1554883360.063644355
1554883360.073870473
1554883360.083693901
1554883360.093717558
1554883360.103662205
1554883360.113763941
1554883360.123719388
1554883360.133617027
1554883360.143753038
1554883360.153523183
1554883360.163399662
1554883360.173937656
1554883360.183676246
1554883360.193682524
1554883360.203892877
1554883360.213681654
1554883360.223963569
1554883360.233721135
1554883360.243712434
1554883360.253567272
1554883360.263651294
1554883360.273814717
1554883360.283731273
1554883360.293648965
1554883360.303850054
1554883360.313733420
1554883360.323777340
1554883360.333742853
1554883360.343753450
1554883360.353744649
1554883360.363703928
1554883360.373830880
1554883360.390271001
1554883360.410408303
1554883360.410502154
1554883360.413562742
1554883360.423971586
1554883360.433473873
1554883360.443497642
1554883360.454170451
1554883360.463637384
1554883360.474236458
1554883360.483504235
1554883360.493403535
1554883360.503509494
1554883360.513517582
1554883360.523813035
1554883360.533636837
1554883360.543711098
1554883360.553655401
1554883360.563666227
1554883360.573827809
1554883360.583720483
1554883360.593622795
1554883360.603614624
1554883360.613715598
1554883360.623808615
1554883360.633669849
1554883360.643684538
1554883360.653718744
1554883360.663681466
1554883360.674120974
1554883360.683742909
1554883360.693635924
1554883360.703714720
1554883360.714045155
1554883360.723793719
1554883360.733726485
1554883360.743640384
1554883360.753715583
1554883360.763791880
1554883360.773731416
1554883360.783645011
1554883360.794050402
1554883360.803752166
1554883360.813845508
1554883360.823671183
1554883360.833762350
1554883360.843642320
1554883360.853676157
1554883360.863585203
1554883360.873891484
1554883360.883449799
1554883360.893422826
1554883360.903519502
1554883360.913454909
1554883360.923520224
1554883360.933518008
1554883360.943382736
1554883360.953388584
1554883360.963405902
1554883360.973398331
1554883360.983392590
1554883360.993430853
1554883361.003339591
1554883361.013643024
1554883361.023580680
1554883361.033268175
1554883361.043441286
1554883361.053358921
1554883361.063377648
1554883361.073652088
1554883361.083375053
1554883361.093385977
1554883361.103470973
1554883361.113426695
1554883361.123399337
1554883361.133640160
1554883361.143434914
1554883361.153343429
1554883361.163333119
1554883361.173391891
1554883361.183359964
1554883361.193697537
1554883361.203670158
1554883361.213724024
1554883361.223643711
1554883361.233720956
1554883361.243889223
1554883361.253661723
1554883361.263633998
1554883361.274225267
1554883361.283816613
1554883361.293738749
1554883361.303639556
1554883361.313723249
1554883361.323704350
1554883361.333821478
1554883361.343568953
1554883361.353756629
1554883361.363617726
1554883361.373827454
1554883361.383703727
1554883361.393691438
1554883361.403654643
1554883361.413650886
1554883361.423927660
1554883361.433660052
1554883361.443717406
1554883361.453680406
1554883361.463758089
1554883361.473611881
1554883361.483608956
1554883361.493883749
1554883361.503733259
1554883361.513641401
1554883361.523754772
1554883361.533718903
1554883361.543667351
1554883361.553672338
1554883361.563724352
1554883361.573692622
1554883361.583690259
1554883361.593692774
1554883361.603896756
1554883361.613650165
1554883361.623635172
1554883361.633711539
1554883361.643676873
1554883361.653655312
1554883361.663693822
1554883361.673911078
1554883361.683667862
1554883361.693665576
1554883361.703728219
1554883361.713748646
1554883361.723641144
1554883361.733827155
1554883361.743934669
1554883361.753767312
1554883361.763577270
1554883361.773703505
1554883361.783764170
1554883361.793645631
1554883361.803856725
1554883361.813734208
1554883361.823751295
1554883361.833876708
1554883361.843661441
1554883361.853956203
1554883361.863755645
1554883361.873634059
1554883361.883746848
1554883361.893764292
1554883361.903641081
1554883361.913890736
1554883361.923743007
1554883361.933707939
1554883361.943676423
1554883361.954017237
1554883361.963755085
1554883361.973640105
1554883361.983604124
1554883361.993749512
1554883362.003758524
1554883362.013638453
1554883362.023704304
1554883362.033908953
1554883362.043682280
1554883362.053589620
1554883362.063739787
1554883362.073703741
1554883362.083680035
1554883362.093767697
1554883362.103849310
1554883362.113765922
1554883362.123843480
1554883362.133785033
1554883362.143737767
1554883362.153609756
1554883362.163652586
1554883362.173753914
1554883362.183782665
1554883362.193676971
1554883362.203801374
1554883362.214002495
1554883362.223719048
1554883362.233670504
1554883362.243751358
1554883362.253696074
1554883362.263678740
1554883362.273631145
1554883362.283817448
1554883362.293721036
1554883362.303632364
1554883362.313741886
1554883362.323752307
1554883362.333661821
1554883362.343850976
1554883362.353744971
1554883362.363758294
1554883362.373616840
1554883362.383656628
1554883362.393736229
1554883362.403707444
1554883362.413860153
1554883362.423737729
1554883362.433780269
1554883362.443666630
1554883362.453665934
1554883362.463925153
1554883362.473728462
1554883362.483598757
1554883362.493805356
1554883362.503693477
1554883362.513643395
1554883362.523856661
1554883362.533898803
1554883362.543838965
1554883362.553699622
1554883362.563780668
1554883362.573719294
1554883362.583719177
1554883362.593707286
1554883362.603766429
1554883362.613741971
1554883362.623642224
1554883362.633605178
1554883362.643758720
1554883362.653688128
1554883362.663695472
1554883362.673728470
1554883362.683716081
1554883362.693688971
1554883362.703637877
1554883362.713890707
1554883362.723668055
1554883362.733687111
1554883362.743770062
1554883362.753727200
1554883362.763603906
1554883362.773586722
1554883362.783902121
1554883362.793765555
1554883362.803618773
1554883362.813763306
1554883362.823739409
1554883362.833716969
1554883362.843875770
1554883362.853726571
1554883362.863757915
1554883362.873887950
1554883362.883727219
1554883362.893950626
1554883362.903677625
1554883362.913575341
1554883362.923777194
1554883362.933763014
1554883362.943698717
1554883362.953679528
1554883362.963851152
1554883362.973751711
1554883362.983712745
1554883362.993689842
1554883363.003861066
1554883363.013711108
1554883363.023647573
1554883363.033777249
1554883363.043855277
1554883363.053678433
1554883363.065380737
1554883363.073784406
1554883363.083734450
1554883363.093634949
1554883363.103717985
1554883363.113760576
1554883363.123673523
1554883363.133731068
1554883363.143981005
1554883363.153648385
1554883363.163856702
1554883363.173783219
1554883363.183757262
1554883363.193641174
1554883363.203880028
1554883363.213791478
1554883363.223742914
1554883363.233724761
1554883363.243775974
1554883363.253729527
1554883363.263693101
1554883363.273690847
1554883363.283751105
1554883363.293752071
1554883363.303817728
1554883363.313626487
1554883363.323788039
1554883363.333782032
1554883363.343760409
1554883363.353817516
1554883363.363760526
1554883363.373774726
1554883363.383728078
1554883363.393839166
1554883363.403797269
1554883363.413717972
1554883363.423775389
1554883363.433750101
1554883363.443929058
1554883363.453783533
1554883363.463769442
1554883363.473805497
1554883363.483657879
1554883363.493690387
1554883363.503719073
1554883363.513727812
1554883363.523729285
1554883363.533727251
1554883363.543778755
1554883363.553689168
1554883363.563680464
1554883363.573778746
1554883363.583683598
1554883363.593740850
1554883363.603780337
1554883363.613731180
1554883363.623735367
1554883363.633657915
1554883363.643785137
1554883363.653769880
1554883363.663777696
1554883363.674091409
1554883363.683772596
1554883363.693710206
1554883363.703680359
1554883363.713773856
1554883363.723808031
1554883363.733732184
1554883363.743789575
1554883363.753709538
1554883363.763682877
1554883363.773750339
1554883363.783672043
1554883363.793886416
1554883363.803750118
1554883363.813672593
1554883363.823758543
1554883363.833704350
1554883363.843951205
1554883363.853689159
1554883363.863799075
1554883363.873746208
1554883363.883643638
1554883363.893730397
1554883363.903782362
1554883363.913681913
1554883363.923882724
1554883363.933718583
1554883363.943693800
1554883363.953693287
1554883363.963787631
1554883363.973756766
1554883363.983660101
1554883363.993706091
1554883364.003772579
1554883364.013767767
1554883364.023856227
1554883364.033729433
1554883364.043958409
1554883364.053728568
1554883364.063641313
1554883364.073756365
1554883364.083862409
1554883364.093761302
1554883364.103894713
1554883364.113925589
1554883364.123782101
1554883364.133638456
1554883364.143779110
1554883364.153776398
1554883364.163810926
1554883364.173852361
1554883364.183799066
1554883364.193671945
1554883364.203633998
1554883364.213716622
1554883364.223869753
1554883364.233702864
1554883364.243649219
1554883364.253781327
1554883364.263773941
1554883364.273677468
1554883364.283895709
1554883364.293942940
1554883364.303654866
1554883364.313718597
1554883364.323682637
1554883364.333664718
1554883364.343530167
1554883364.353447318
1554883364.363415596
1554883364.373811964
1554883364.383420182
1554883364.393690748
1554883364.403448644
1554883364.413666215
1554883364.423443535
1554883364.433511496
1554883364.444228488
1554883364.453675800
1554883364.463792012
1554883364.473700032
1554883364.483672898
1554883364.495843739
1554883364.504160705
1554883364.513646361
1554883364.523466908
1554883364.533457779
1554883364.543810985
1554883364.553444875
1554883364.563427440
1554883364.573430939
1554883364.583393658
1554883364.593600260
1554883364.603330506
1554883364.613430238
1554883364.623495608
1554883364.633329344
1554883364.643416226
1554883364.653467436
1554883364.663367463
1554883364.673323567
1554883364.683377717
1554883364.693345247
1554883364.703403851
1554883364.713652611
1554883364.723298196
1554883364.733366627
1554883364.744091089
1554883364.753325339
1554883364.763425879
1554883364.773423373
1554883364.783440978
1554883364.793943311
1554883364.803398598
1554883364.813609846
1554883364.823602089
1554883364.833801974
1554883364.843659780
1554883364.853584794
1554883364.863579903
1554883364.873282285
1554883364.883348935
1554883364.893741287
1554883364.903869652
1554883364.913709609
1554883364.923840333
1554883364.933727043
1554883364.943841737
1554883364.953901456
1554883364.963730489
1554883364.973429298
1554883364.983407506
1554883364.994503617
1554883365.003626628
1554883365.013571245
1554883365.023459854
1554883365.033505268
1554883365.043736640
1554883365.053791726
1554883365.063694099
1554883365.073781106
1554883365.083728145
1554883365.093815179
1554883365.103746012
1554883365.113541313
1554883365.123661003
1554883365.133513196
1554883365.143561101
1554883365.153391815
1554883365.163632581
1554883365.173715010
1554883365.183665933
1554883365.193770456
1554883365.203749639
1554883365.213694223
1554883365.223719852
1554883365.233722323
1554883365.243707788
1554883365.253751966
1554883365.263711811
1554883365.273845993
1554883365.283661437
1554883365.293710181
1554883365.303625467
1554883365.313691213
1554883365.323741124
1554883365.333620362
1554883365.343782510
1554883365.353777449
1554883365.363705651
1554883365.373854495
1554883365.383721379
1554883365.393796065
1554883365.403779653
1554883365.413693118
1554883365.423802979
1554883365.433694824
1554883365.443806679
1554883365.453798761
1554883365.463834574
1554883365.473872351
1554883365.483763996
1554883365.493764856
1554883365.503751129
1554883365.513742827
1554883365.523766778
1554883365.533845370
1554883365.543821266
1554883365.553763406
1554883365.563831764
1554883365.573805283
1554883365.583761112
1554883365.594541876
1554883365.603800782
1554883365.613694641
1554883365.623800207
1554883365.633841292
1554883365.643781872
1554883365.653733760
1554883365.663738259
1554883365.673812574
1554883365.683727870
1554883365.693834839
1554883365.703819798
1554883365.713776044
1554883365.723788748
1554883365.733739239
1554883365.743775168
1554883365.753820115
1554883365.763589027
1554883365.773524797
1554883365.784064583
1554883365.793478845
1554883365.803446755
1554883365.813508053
1554883365.823398678
1554883365.833590612
1554883365.843602494
1554883365.853562677
1554883365.863760470
1554883365.873744698
1554883365.883651298
1554883365.894382251
1554883365.903693078
1554883365.913656459
1554883365.923813848
1554883365.933802667
1554883365.943708106
1554883365.953671353
1554883365.963718290
1554883365.973776987
1554883365.983642812
1554883365.993667351
1554883366.003927997
1554883366.013725445
1554883366.024044038
1554883366.034751489
1554883366.043442444
1554883366.053448473
1554883366.063592401
1554883366.073576127
1554883366.083592622
1554883366.093615904
1554883366.103497268
1554883366.113439419
1554883366.123548260
1554883366.133602174
1554883366.143557707
1554883366.153458385
1554883366.163574473
1554883366.173483328
1554883366.183511870
1554883366.193560694
1554883366.203490425
1554883366.213503254
1554883366.223433281
1554883366.233513984
1554883366.243481815
1554883366.253457109
1554883366.263358532
1554883366.273335386
1554883366.283476412
1554883366.293547075
1554883366.303561536
1554883366.313508736
1554883366.323601713
1554883366.333676149
1554883366.343461227
1554883366.353722813
1554883366.363742398
1554883366.373755830
1554883366.383762340
1554883366.393768561
1554883366.403688641
1554883366.413702345
1554883366.423698353
1554883366.433720528
1554883366.443726781
1554883366.453667669
1554883366.463742826
1554883366.473727832
1554883366.483653496
1554883366.494069933
1554883366.503617634
1554883366.513720619
1554883366.523645553
1554883366.533813928
1554883366.543761194
1554883366.553626321
1554883366.563776697
1554883366.573775929
1554883366.583864402
1554883366.593757360
1554883366.603705043
1554883366.613792593
1554883366.623839087
1554883366.633715791
1554883366.643746589
1554883366.653847095
1554883366.664360353
1554883366.673534664
1554883366.683604992
1554883366.693564091
1554883366.703525172
1554883366.713486081
1554883366.723552433
1554883366.733612831
1554883366.743641976
1554883366.753582999
1554883366.763547059
1554883366.773645655
1554883366.783500004
1554883366.793666961
1554883366.803646015
1554883366.813617286
1554883366.823763450
1554883366.833791545
1554883366.843804080
1554883366.855316372
1554883366.863943095
1554883366.873806063
1554883366.883715600
1554883366.894952084
1554883366.903701911
1554883366.913734253
1554883366.923833142
1554883366.933844691
1554883366.943866844
1554883366.953787246
1554883366.963747657
1554883366.973702179
1554883366.983769463
1554883366.994427210
1554883367.003736412
1554883367.013810000
1554883367.023813365
1554883367.033763192
1554883367.044182285
1554883367.053746560
1554883367.063787865
1554883367.073774559
1554883367.083828915
1554883367.093929020
1554883367.103781362
1554883367.113814115
1554883367.123781484
1554883367.133837739
1554883367.144329748
1554883367.153566219
1554883367.163566008
1554883367.173516444
1554883367.183505829
1554883367.193537703
1554883367.203513303
1554883367.213555046
1554883367.223567246
1554883367.233616866
1554883367.243722859
1554883367.253860074
1554883367.263788583
1554883367.273869956
1554883367.283727861
1554883367.293796813
1554883367.303775990
1554883367.313835140
1554883367.323944223
1554883367.333829538
1554883367.343811015
1554883367.353912480
1554883367.363841190
1554883367.373784361
1554883367.383717424
1554883367.393853292
1554883367.403805956
1554883367.413790557
1554883367.423802924
1554883367.433796620
1554883367.443805464
1554883367.453686370
1554883367.463760006
1554883367.474325620
1554883367.483810502
1554883367.493794410
1554883367.503793151
1554883367.513819361
1554883367.523813756
1554883367.533767048
1554883367.543782256
1554883367.553779093
1554883367.563769488
1554883367.573789578
1554883367.583845563
1554883367.593813644
1554883367.603759423
1554883367.613843143
1554883367.623810643
1554883367.633728013
1554883367.643814754
1554883367.653843118
1554883367.663693696
1554883367.673818897
1554883367.683715439
1554883367.693900444
1554883367.703779465
1554883367.713712608
1554883367.723733405
1554883367.733787492
1554883367.743849476
1554883367.753746160
1554883367.763899170
1554883367.773824832
1554883367.783961026
1554883367.793840623
1554883367.803920588
1554883367.813775085
1554883367.823800286
1554883367.833806796
1554883367.843855452
1554883367.853784666
1554883367.863661245
1554883367.873808761
1554883367.883798449
1554883367.893737773
1554883367.903834030
1554883367.913839617
1554883367.923689829
1554883367.933783814
1554883367.943956128
1554883367.953784213
1554883367.963695325
1554883367.973808736
1554883367.983834761
1554883367.993757934
1554883368.003760903
1554883368.013777165
1554883368.023471863
1554883368.033492830
1554883368.043562406
1554883368.053466997
1554883368.063552088
1554883368.073530381
1554883368.083758229
1554883368.093747920
1554883368.103748561
1554883368.113830225
1554883368.123858183
1554883368.133681912
1554883368.143734025
1554883368.153830584
1554883368.163729561
1554883368.173674918
1554883368.183849675
1554883368.193813492
1554883368.203960808
1554883368.213707754
1554883368.223996942
1554883368.233731028
1554883368.243790394
1554883368.253842480
1554883368.263875405
1554883368.273722008
1554883368.283934227
1554883368.293764968
1554883368.303805624
1554883368.313737712
1554883368.323933172
1554883368.333906602
1554883368.343783093
1554883368.353765586
1554883368.363806925
1554883368.373700370
1554883368.383741069
1554883368.393759301
1554883368.403880383
1554883368.413736060
1554883368.423921600
1554883368.433836669
1554883368.443852552
1554883368.453728570
1554883368.463670043
1554883368.474039993
1554883368.483932242
1554883368.493736554
1554883368.503831827
1554883368.513860218
1554883368.523946754
1554883368.533746941
1554883368.543848355
1554883368.553848488
1554883368.563748229
1554883368.573769314
1554883368.583847006
1554883368.593743573
1554883368.603828091
1554883368.613860986
1554883368.623858641
1554883368.633904277
1554883368.643780296
1554883368.654064230
1554883368.663811493
1554883368.673738342
1554883368.683810659
1554883368.693780912
1554883368.703990907
1554883368.713821252
1554883368.723852842
1554883368.733788962
1554883368.743812355
1554883368.753870909
1554883368.763748357
1554883368.773937918
1554883368.784439903
1554883368.793880350
1554883368.804422471
1554883368.813737234
1554883368.823809361
1554883368.833539425
1554883368.843681871
1554883368.853557696
1554883368.864079491
1554883368.873507784
1554883368.883576369
1554883368.893663316
1554883368.903854212
1554883368.913724693
1554883368.923938864
1554883368.933773568
1554883368.943787052
1554883368.953843170
1554883368.963646032
1554883368.973630777
1554883368.983744240
1554883368.994054415
1554883369.003751074
1554883369.013612404
1554883369.023682738
1554883369.033746254
1554883369.044207963
1554883369.053661410
1554883369.063574380
1554883369.073641759
1554883369.083635159
1554883369.093745310
1554883369.103549813
1554883369.113742567
1554883369.123620176
1554883369.133608610
1554883369.143633666
1554883369.153628316
1554883369.163638541
1554883369.173602671
1554883369.183673417
1554883369.193497047
1554883369.203751743
1554883369.213619376
1554883369.223742645
1554883369.233874599
1554883369.243830975
1554883369.253655539
1554883369.264140661
1554883369.273702577
1554883369.283651248
1554883369.293644204
1554883369.303598854
1554883369.313693783
1554883369.323559551
1554883369.333797548
1554883369.343566363
1554883369.353756771
1554883369.363593544
1554883369.373583348
1554883369.383688959
1554883369.393632335
1554883369.403596486
1554883369.414387167
1554883369.423861333
1554883369.433847596
1554883369.443818140
1554883369.453747933
1554883369.463873918
1554883369.473816071
1554883369.483754706
1554883369.493847062
1554883369.504434137
1554883369.513854115
1554883369.523776201
1554883369.533805097
1554883369.543856127
1554883369.553819879
1554883369.563774903
1554883369.573843555
1554883369.583860087
1554883369.593815126
1554883369.603834598
1554883369.613872598
1554883369.623769617
1554883369.633768208
1554883369.643874561
1554883369.653823883
1554883369.663763445
1554883369.673829953
1554883369.684407244
1554883369.693859750
1554883369.703799621
1554883369.713845654
1554883369.723958623
1554883369.733825826
1554883369.743816014
1554883369.753864161
1554883369.763872962
1554883369.773764974
1554883369.783798232
1554883369.793866886
1554883369.803972058
1554883369.813822757
1554883369.823815204
1554883369.834018063
1554883369.843808581
1554883369.853774077
1554883369.864100124
1554883369.873920865
1554883369.883824292
1554883369.893794158
1554883369.903896096
1554883369.914253375
1554883369.923802271
1554883369.933849914
1554883369.943856004
1554883369.953857807
1554883369.963771781
1554883369.973783998
1554883369.983803752
1554883369.993765056
1554883370.003866262
1554883370.013883598
1554883370.023775515
1554883370.033816999
1554883370.043827103
1554883370.053812332
1554883370.063787322
1554883370.073766945
1554883370.083837430
1554883370.093755548
1554883370.103835961
1554883370.113828221
1554883370.123820180
1554883370.133751576
1554883370.143936025
1554883370.153759220
1554883370.163843647
1554883370.173782227
1554883370.183857624
1554883370.193769233
1554883370.203945654
1554883370.213827164
1554883370.223800593
1554883370.233727432
1554883370.243863055
1554883370.253847325
1554883370.264040563
1554883370.273803702
1554883370.283757792
1554883370.293909433
1554883370.303777357
1554883370.313795482
1554883370.323878380
1554883370.333895823
1554883370.343782854
1554883370.353754869
1554883370.363887117
1554883370.373801198
1554883370.383801050
1554883370.393781705
1554883370.404162524
1554883370.413858844
1554883370.423741136
1554883370.433831094
1554883370.443812850
1554883370.453926906
1554883370.463811431
1554883370.473816933
1554883370.483849066
1554883370.493922854
1554883370.503796924
1554883370.513896798
1554883370.523798987
1554883370.533819522
1554883370.543863871
1554883370.553882242
1554883370.563842042
1554883370.573826325
1554883370.583850878
1554883370.593999275
1554883370.603796767
1554883370.613924583
1554883370.623884603
1554883370.633748177
1554883370.643903871
1554883370.653865336
1554883370.664082739
1554883370.673895126
1554883370.683834470
1554883370.693888173
1554883370.703812396
1554883370.714081920
1554883370.723829902
1554883370.733720291
1554883370.743897277
1554883370.753779742
1554883370.763883572
1554883370.774013554
1554883370.783817051
1554883370.793908147
1554883370.804007131
1554883370.814068677
1554883370.823769920
1554883370.833896799
1554883370.843865934
1554883370.853806654
1554883370.863811329
1554883370.873919145
1554883370.883822555
1554883370.893790385
1554883370.903927379
1554883370.913891676
1554883370.923992505
1554883370.933835679
1554883370.944062637
1554883370.953806668
1554883370.963743417
1554883370.973870105
1554883370.983901381
1554883370.993811222
1554883371.003728602
1554883371.014030900
1554883371.023824961
1554883371.033679866
1554883371.043819733
1554883371.053879526
1554883371.063842966
1554883371.073791959
1554883371.083896353
1554883371.093807344
1554883371.103674065
1554883371.113885892
1554883371.123956814
1554883371.133724690
1554883371.143786778
1554883371.153777327
1554883371.163862642
1554883371.173743439
1554883371.183807114
1554883371.194062657
1554883371.203910526
1554883371.213813019
1554883371.223920511
1554883371.233656840
1554883371.243851038
1554883371.253594470
1554883371.263670103
1554883371.273574494
1554883371.283615960
1554883371.293682502
1554883371.303607519
1554883371.313649845
1554883371.323542177
1554883371.333723349
1554883371.343577712
1554883371.353356807
1554883371.363495265
1554883371.373512814
1554883371.383701103
1554883371.393533348
1554883371.403481198
1554883371.415132000
1554883371.423431843
1554883371.433463743
1554883371.446128145
1554883371.454174938
1554883371.464040765
1554883371.473457928
1554883371.483654045
1554883371.493622582
1554883371.503450081
1554883371.514073828
1554883371.523840833
1554883371.533472049
1554883371.543388309
1554883371.553475710
1554883371.563912170
1554883371.573393991
1554883371.583679670
1554883371.595125696
1554883371.603600771
1554883371.614112508
1554883371.623520257
1554883371.633567664
1554883371.643571697
1554883371.653487617
1554883371.663787018
1554883371.673759883
1554883371.683774756
1554883371.694167324
1554883371.703816044
1554883371.714773804
1554883371.723673832
1554883371.733730167
1554883371.747604867
1554883371.753782165
1554883371.763959527
1554883371.773828161
1554883371.783786185
1554883371.793855094
1554883371.803858043
1554883371.814075048
1554883371.823847388
1554883371.833794983
1554883371.843875342
1554883371.853808315
1554883371.864068497
1554883371.873791643
1554883371.883862446
1554883371.893820452
1554883371.903834162
1554883371.914655709
1554883371.923879322
1554883371.933777105
1554883371.944488350
1554883371.953746188
1554883371.964074721
1554883371.973881962
1554883371.983782824
1554883371.994081284
1554883372.003852567
1554883372.014029579
1554883372.023852117
1554883372.033872629
1554883372.043871292
1554883372.053789734
1554883372.064351008
1554883372.073782482
1554883372.083757208
1554883372.093853113
1554883372.103819737
1554883372.114053056
1554883372.123851090
1554883372.133905829
1554883372.143900803
1554883372.153796368
1554883372.164114740
1554883372.173854997
1554883372.183857703
1554883372.193858922
1554883372.203840906
1554883372.214223646
1554883372.223840655
1554883372.233801236
1554883372.243859550
1554883372.253861304
1554883372.263956138
1554883372.273834445
1554883372.283958877
1554883372.294163253
1554883372.303855903
1554883372.313974216
1554883372.323849606
1554883372.333812084
1554883372.344409714
1554883372.353789185
1554883372.364202453
1554883372.373811647
1554883372.383731131
1554883372.396719237
1554883372.403867543
1554883372.413693410
1554883372.423762803
1554883372.434080194
1554883372.443927810
1554883372.454071541
1554883372.463854654
1554883372.473874544
1554883372.483859109
1554883372.493882794
1554883372.503824203
1554883372.513963493
1554883372.523862360
1554883372.533805463
1554883372.543877705
1554883372.553854809
1554883372.563851427
1554883372.573872494
1554883372.583829957
1554883372.593902257
1554883372.603795769
1554883372.613966068
1554883372.623768553
1554883372.633824513
1554883372.643845057
1554883372.653862690
1554883372.663889069
1554883372.673855304
1554883372.683943139
1554883372.693781493
1554883372.703995388
1554883372.713860806
1554883372.723806116
1554883372.733855785
1554883372.743907334
1554883372.753822357
1554883372.763782743
1554883372.773918828
1554883372.783857145
1554883372.794047069
1554883372.804725261
1554883372.813874138
1554883372.823808178
1554883372.833661930
1554883372.843807266
1554883372.853863708
1554883372.863795460
1554883372.873790554
1554883372.884012292
1554883372.893829149
1554883372.903715506
1554883372.913796186
1554883372.923948000
1554883372.933758727
1554883372.943873935
1554883372.953943826
1554883372.963974440
1554883372.973810350
1554883372.983866238
1554883372.993830488
1554883373.003791581
1554883373.013804252
1554883373.023847405
1554883373.033836461
1554883373.043790078
1554883373.053830605
1554883373.063806159
1554883373.073641723
1554883373.083733225
1554883373.093871459
1554883373.103880832
1554883373.113725954
1554883373.123732438
1554883373.134022522
1554883373.143936674
1554883373.153800486
1554883373.163844795
1554883373.173809093
1554883373.183677113
1554883373.193689029
1554883373.203780249
1554883373.213817217
1554883373.223817162
1554883373.233801618
1554883373.243861525
1554883373.253799089
1554883373.263941095
1554883373.273852991
1554883373.283891916
1554883373.293795435
1554883373.303768820
1554883373.314146057
1554883373.323846815
1554883373.333814418
1554883373.343868032
1554883373.353902270
1554883373.363778669
1554883373.373765244
1554883373.383882640
1554883373.393825133
1554883373.403812267
1554883373.413761246
1554883373.423900966
1554883373.433798412
1554883373.443754215
1554883373.453836640
1554883373.463877517
1554883373.473813647
1554883373.483725096
1554883373.494091765
1554883373.504025891
1554883373.513872281
1554883373.523862650
1554883373.533833522
1554883373.543751597
1554883373.553762853
1554883373.563953017
1554883373.573858832
1554883373.583723897
1554883373.593819725
1554883373.603879425
1554883373.613889191
